0 0.0146484375 0.18588575 0.03 0.27499999999999997
0 0.046875 0.24723925000000002 0.094375 0.384167
0 0.2758984375 0.26656216666666666 0.12312500000000001 0.411667
0 0.38484375 0.5888541666666667 0.24312499999999998 0.8191670000000001
0 0.4144140625 0.118125 0.050624999999999976 0.15833300000000003
0 0.466015625 0.30989550000000005 0.11374999999999996 0.45416699999999993
0 0.561640625 0.27942741666666665 0.11375000000000002 0.45083300000000004
0 0.66953125 0.2407295 0.10187499999999994 0.455
0 0.734765625 0.28140658333333335 0.11375000000000002 0.42583299999999996
0 0.91390625 0.25651075 0.10312500000000002 0.430833
