0 0.01171875 0.721147382636656 0.024375 0.282922
0 0.015546875 0.5487447749196142 0.028124999999999997 0.07201599999999998
0 0.036601562500000004 0.6994828745980708 0.06624999999999999 0.353909
0 0.0428125 0.7833152475884244 0.016874999999999994 0.12448600000000001
0 0.0840234375 0.6762666848874598 0.030625 0.299383
0 0.113203125 0.7054004790996784 0.06749999999999999 0.393004
0 0.102109375 0.5471335852090032 0.013124999999999998 0.016461000000000003
0 0.1428125 0.6977422508038587 0.016249999999999987 0.2932099999999999
0 0.158125 0.5981337202572348 0.031875000000000014 0.174897
0 0.4148828125 0.7243722347266881 0.10375000000000001 0.441358
0 0.474375 0.677811421221865 0.03125 0.32716100000000004
0 0.487109375 0.6960095723472669 0.044375 0.335391
0 0.5351953125 0.7298370836012863 0.08937499999999993 0.4331279999999999
0 0.5734375 0.6494452861736335 0.016249999999999987 0.16872399999999999
0 0.620078125 0.6572250032154341 0.03562500000000002 0.17284000000000002
0 0.65515625 0.6542684372990354 0.040000000000000036 0.17695399999999997
0 0.6756640625 0.5892516045016077 0.018750000000000044 0.040122999999999985
0 0.693046875 0.5823074726688102 0.028125000000000067 0.053498000000000004
0 0.7192578125 0.6951090064308681 0.073125 0.34156400000000003
0 0.7340625 0.7105479517684887 0.07937500000000008 0.44444500000000003
0 0.7805078125 0.6605068906752412 0.04249999999999998 0.20884799999999992
0 0.818984375 0.6733790450160771 0.07562500000000005 0.38786
0 0.8438671875 0.761511887459807 0.021874999999999978 0.03600799999999999
0 0.8710546875 0.7143852475884245 0.038124999999999964 0.122428
0 0.92609375 0.6893302540192926 0.11812499999999992 0.466049
0 0.88484375 0.7438969260450161 0.024374999999999925 0.08230400000000007
0 0.9494921875 0.7137435498392283 0.053750000000000075 0.144033
0 0.9612109375 0.7337408327974276 0.07625000000000004 0.138889
