0 0.02734375 0.5092705000000001 0.05625 0.17249999999999996
0 0.091875 0.5122913333333333 0.064375 0.19833399999999993
0 0.1318359375 0.5200520833333333 0.04500000000000001 0.19166699999999995
0 0.1774609375 0.5327083333333333 0.07625000000000001 0.2608329999999999
0 0.194296875 0.47911425 0.028124999999999983 0.10166700000000002
0 0.2116796875 0.5108336666666666 0.03875000000000001 0.20999999999999996
0 0.266875 0.5089583333333333 0.03125 0.199167
0 0.2872265625 0.5341663333333333 0.03375 0.16750000000000007
0 0.2916015625 0.4455211666666667 0.03437499999999999 0.06833299999999998
0 0.2974609375 0.524583 0.044999999999999984 0.18916699999999995
0 0.344140625 0.5443229166666667 0.08250000000000002 0.28
0 0.360859375 0.5291666666666667 0.04375000000000001 0.21000000000000005
0 0.3986328125 0.5467184166666667 0.04125000000000001 0.23249999999999993
0 0.421640625 0.5745309166666667 0.020625000000000004 0.12416699999999992
0 0.439609375 0.543125 0.043749999999999956 0.28250000000000003
0 0.4965234375 0.5320309166666667 0.12374999999999997 0.37250000000000005
0 0.5752734375 0.51848925 0.09312500000000001 0.321667
0 0.6651171875 0.57421875 0.05312499999999998 0.2750000000000001
0 0.695 0.53869825 0.06437500000000007 0.28916599999999987
0 0.7047265625 0.4689586666666667 0.03375000000000006 0.11666600000000009
0 0.7865234375 0.5275524166666666 0.06125000000000003 0.23416599999999996
0 0.9496484375 0.5351565833333334 0.0618749999999999 0.23749999999999996
