1 0.5181640625 0.5240343645680821 0.861875 0.8508439999999999
1 0.06640625 0.17140782869692534 0.13375 0.15666
1 0.232421875 0.35918403221083456 0.465 0.501876
1 0.1648828125 0.10135715959004392 0.07250000000000001 0.029081000000000006
1 0.3612109375 0.10327731918008785 0.07687500000000003 0.05347100000000001
1 0.445234375 0.11153596339677892 0.07437499999999997 0.067542
1 0.5480859375 0.12366086530014643 0.20125000000000004 0.08818000000000001
1 0.696171875 0.0941949326500732 0.06000000000000005 0.044089999999999976
1 0.7969140625 0.10691606149341142 0.14375000000000004 0.04971799999999999
1 0.8170703125 0.06728854612005856 0.057499999999999996 0.036585
1 0.905625 0.08158706149341141 0.09499999999999997 0.049719000000000006
1 0.9521484375 0.17062724597364567 0.09312500000000001 0.188555
