0 0.015625 0.400303107001321 0.03125 0.07275800000000002
0 0.073046875 0.35625236063408194 0.12250000000000001 0.241116
0 0.17109375 0.4868650951122853 0.024375000000000008 0.06514400000000001
0 0.2208984375 0.442026321003963 0.12437500000000001 0.21489
0 0.3521484375 0.4704352615587846 0.12374999999999997 0.17597300000000002
0 0.3065234375 0.5290620871862616 0.030625000000000013 0.05922199999999999
0 0.436875 0.5577230792602378 0.03187499999999999 0.05499099999999996
0 0.4805078125 0.4997342377807133 0.10374999999999995 0.15905200000000005
0 0.4919921875 0.9364740911492735 0.023125000000000007 0.06176000000000007
0 0.509140625 0.933253071334214 0.020000000000000018 0.0482239999999999
0 0.5940234375 0.49820521796565387 0.12437500000000001 0.14720800000000003
0 0.5546484375 0.566925071334214 0.02937499999999993 0.048223999999999975
0 0.556171875 0.9385370871862616 0.028125000000000067 0.060068000000000066
0 0.6368359375 0.9302400673712021 0.015000000000000013 0.04653200000000005
0 0.7176953125 0.4844012298546896 0.1206250000000001 0.15482300000000007
0 0.684296875 0.5627990792602379 0.028124999999999956 0.05499199999999991
0 0.867578125 0.44695427741083227 0.16125 0.18527899999999997
0 0.8184375 0.5360381030383091 0.04749999999999999 0.071066
0 0.9822265625 0.4948951268163804 0.03375000000000006 0.08714000000000004
