0 0.05859375 0.5618646954612007 0.118125 0.7213879999999999
0 0.0771484375 0.39202653587115666 0.155 0.69606
0 0.224375 0.5924617013177159 0.31375000000000003 0.6303939999999999
0 0.296328125 0.26061493411420206 0.286875 0.523452
0 0.380546875 0.6540416456808199 0.21625 0.49437099999999995
0 0.5344140625 0.45723650512445096 0.23812500000000003 0.6707320000000001
0 0.625078125 0.702357897510981 0.2231249999999999 0.5909939999999999
0 0.6558203125 0.3616398243045388 0.2143750000000001 0.725141
0 0.7769140625 0.8757436939970719 0.20625000000000004 0.24484099999999984
0 0.7836328125 0.31771595900439237 0.166875 0.636961
0 0.933203125 0.6649653762811126 0.130625 0.667918
0 0.938046875 0.3791739282576867 0.12187500000000007 0.613508
