0 0.83796875 0.6603121666666666 0.08749999999999991 0.225834
0 0.0847265625 0.5807295 0.03499999999999999 0.07916599999999992
0 0.153984375 0.507292 0.011874999999999997 0.03250000000000005
0 0.1758984375 0.5780729166666666 0.030624999999999986 0.09333299999999996
0 0.4121484375 0.6513545 0.029374999999999984 0.11000000000000017
0 0.43265625 0.6167705 0.03999999999999998 0.17416699999999988
0 0.4951953125 0.6727083333333334 0.02625000000000005 0.13750000000000004
0 0.5756640625 0.5013024166666668 0.018124999999999947 0.045000000000000005
0 0.69578125 0.6006246666666666 0.040000000000000036 0.11666700000000008
0 0.9543359375 0.5188024166666667 0.014375000000000027 0.046665999999999874
