0 0.5130078124999999 0.6015250805270864 0.07249999999999995 0.25422100000000003
0 0.021171875 0.46887686530014644 0.028124999999999997 0.08817999999999994
0 0.0526171875 0.4676671903367496 0.021875 0.05159400000000007
0 0.0595703125 0.44778283455344065 0.025624999999999995 0.06566600000000007
0 0.1033203125 0.44688899414348465 0.02562500000000001 0.09099400000000003
0 0.1615234375 0.50816260761347 0.029374999999999984 0.08442799999999995
0 0.1931640625 0.49518702489019034 0.04999999999999999 0.11538500000000007
0 0.249140625 0.48834834992679355 0.020625000000000004 0.07692400000000006
0 0.2828125 0.4435488653001464 0.016874999999999973 0.08911799999999999
0 0.303046875 0.4423823499267935 0.02812500000000001 0.07879900000000004
0 0.382734375 0.6480873074670571 0.07437499999999997 0.236398
0 0.388984375 0.517219055636896 0.044375 0.13977500000000007
0 0.467578125 0.38948163836017563 0.09874999999999995 0.10600399999999996
0 0.4405078125 0.5075404421669107 0.041874999999999996 0.148218
0 0.5081640625 0.49402150951683743 0.04999999999999993 0.10318900000000003
0 0.5501953125 0.5495883074670571 0.02562500000000001 0.234521
0 0.5980078125 0.44066476720351394 0.04249999999999998 0.10975599999999999
0 0.6603125 0.5533490248901903 0.07937500000000008 0.11538399999999993
0 0.6432421875 0.3706323191800878 0.02187500000000009 0.05534700000000003
0 0.68296875 0.4853499941434847 0.05499999999999994 0.09287099999999995
0 0.6930859375 0.3787767057101024 0.014375000000000027 0.06378999999999999
0 0.7261328125 0.5055060248901903 0.04125000000000001 0.11538500000000007
0 0.7408984375 0.4574355095168375 0.02937500000000004 0.10506599999999995
0 0.7403125 0.39280454612005855 0.015625 0.03658499999999998
0 0.7656640625 0.45402528257686675 0.018125000000000058 0.12288999999999993
0 0.8028125 0.3764446749633968 0.015625 0.04033800000000006
0 0.822734375 0.3600147057101025 0.011874999999999969 0.06285200000000002
0 0.94578125 0.45817193265007317 0.03937499999999994 0.04502800000000007
