0 0.876848625 0.46407313981358184 0.08287299999999997 0.284176
0 0.0504600625 0.3754804114513981 0.050513 0.08934400000000006
0 0.153105 0.6369443954727031 0.156275 0.5705060000000001
0 0.12426275 0.49925952996005324 0.08760899999999999 0.347686
0 0.2393886875 0.38647568575233027 0.06945599999999999 0.14854699999999996
0 0.257609 0.6511614687083889 0.09550099999999997 0.5274490000000001
0 0.29424937500000004 0.3888661611185087 0.105762 0.3078580000000001
0 0.315800875 0.450390466045273 0.059195 0.27664200000000005
0 0.4005994375 0.3338665059920106 0.030781000000000003 0.07104499999999996
0 0.428906375 0.33582071637816246 0.011838999999999988 0.05812699999999997
0 0.5276053125 0.5181110119840213 0.11917900000000003 0.14101200000000008
0 0.56554325 0.40681614913448727 0.07182299999999997 0.170075
0 0.6368840625 0.3688226218375499 0.05051300000000003 0.07535000000000004
0 0.71250725 0.3619975272969374 0.039462999999999915 0.09472499999999996
0 0.74092025 0.36933273768308916 0.039463000000000026 0.08073199999999994
0 0.7763843125 0.43806363382157115 0.08918700000000002 0.214209
0 0.9542098125 0.4091364540612517 0.04261999999999999 0.137783
