0 0.096015625 0.55744825 0.11375000000000002 0.47666600000000003
0 0.1573828125 0.9013541666666667 0.19749999999999998 0.19416700000000006
0 0.1898046875 0.34979200000000005 0.007499999999999979 0.03166599999999997
0 0.2367578125 0.3484899166666667 0.010624999999999996 0.029999999999999954
0 0.2497265625 0.46046908333333336 0.033749999999999974 0.12916599999999998
0 0.3289453125 0.5499999999999999 0.12000000000000005 0.37500000000000017
0 0.2940625 0.41635383333333337 0.015625 0.027500000000000007
0 0.301875 0.4151045 0.03249999999999997 0.048333000000000036
0 0.46484375 0.9078128333333334 0.18125000000000002 0.18249999999999997
0 0.5496875 0.36098991666666663 0.015625 0.030833000000000037
0 0.714453125 0.5654163333333333 0.09875 0.35583400000000004
0 0.7692578125 0.3838541666666666 0.011249999999999982 0.06916700000000005
0 0.781640625 0.3853128333333333 0.020625000000000004 0.05750000000000003
0 0.8109375 0.34421875 0.01750000000000007 0.025832999999999995
0 0.89078125 0.55776075 0.10250000000000004 0.36833299999999997
0 0.8711328125 0.3747395833333333 0.010000000000000009 0.05000000000000012
0 0.8840625 0.37546841666666664 0.015625 0.04666700000000009
0 0.890390625 0.3355208333333333 0.020625000000000004 0.02749999999999993
0 0.966875 0.5288017500000001 0.06374999999999997 0.08666699999999998
