0 0.5144921875 0.4939065833333333 0.021874999999999978 0.05000000000000012
0 0.5383203125 0.5147399166666666 0.026249999999999996 0.0925000000000001
0 0.5720703125 0.49203125 0.02562500000000001 0.03916699999999995
0 0.7284765625 0.50578125 0.03374999999999995 0.10166700000000002
0 0.7789453125 0.5114059166666667 0.026874999999999982 0.09249999999999996
0 0.7839453125 0.5067708333333334 0.026874999999999982 0.08916699999999993
0 0.806796875 0.50411425 0.028750000000000053 0.10166700000000002
0 0.9071484375 0.5080732499999999 0.030000000000000027 0.1341660000000001
0 0.932265625 0.5229684166666666 0.051875000000000004 0.17000000000000007
0 0.96625 0.5141149166666666 0.06437499999999996 0.43749999999999994
