0 0.60359375 0.6837081226993865 0.11812499999999992 0.35192499999999993
0 0.0990625 0.4955802699386503 0.14250000000000002 0.29379399999999994
0 0.14542968750000002 0.6926552822085889 0.16312500000000002 0.28750900000000007
0 0.3119140625 0.5521913128834356 0.11312500000000003 0.27572699999999994
0 0.3903125 0.6669262576687118 0.14250000000000002 0.29693700000000006
0 0.52109375 0.5515553435582822 0.11875000000000002 0.26472900000000005
0 0.6031640625 0.020858895705521473 0.04937500000000006 0.043991
0 0.716953125 0.5567552822085889 0.13 0.289081
0 0.7933203125 0.729329263803681 0.150625 0.295365
0 0.9079296875 0.6269673435582822 0.13124999999999998 0.26472900000000005
