0 0.494375 0.3166145833333333 0.125625 0.5199999999999999
0 0.0185546875 0.6471875 0.0375 0.10999999999999995
0 0.0482421875 0.6428649166666668 0.021875 0.1224999999999999
0 0.1003515625 0.6445309166666666 0.03499999999999999 0.12416700000000007
0 0.1409375 0.3707809166666667 0.07875000000000001 0.18499999999999997
0 0.2759765625 0.6908850833333333 0.06625 0.19250000000000003
0 0.3396875 0.6786975833333333 0.015625 0.081667
0 0.404921875 0.3487496666666667 0.09062500000000001 0.27166700000000005
0 0.449375 0.42984375 0.03125 0.055000000000000014
0 0.6913671875 0.34453158333333334 0.05437499999999995 0.08166600000000002
