0 0.048828125 0.5429163333333333 0.099375 0.10499999999999998
0 0.04671875 0.47953125 0.024374999999999994 0.0408329999999999
0 0.0719140625 0.4866149166666667 0.018125000000000002 0.05999999999999998
0 0.15480468749999998 0.4956770833333333 0.100625 0.09666699999999999
0 0.229765625 0.5028121666666666 0.020625000000000004 0.099167
0 0.26082031250000004 0.4998440833333333 0.02687500000000001 0.09749999999999999
0 0.2977734375 0.49046875 0.060624999999999984 0.0866669999999999
0 0.3632421875 0.48682325 0.02250000000000002 0.07166600000000008
0 0.5362109374999999 0.5177086666666667 0.29625000000000007 0.1775
0 0.627734375 0.5141149166666666 0.04312500000000008 0.18583300000000005
0 0.7219140625 0.4802604166666667 0.018124999999999947 0.07749999999999997
0 0.7969140625 0.4785934166666666 0.018125000000000058 0.07583400000000003
0 0.8976171875 0.47359341666666666 0.14687499999999998 0.07750000000000005
