0 0.08812500000000001 0.6947368535871157 0.095 0.27110699999999993
0 0.481171875 0.6511488301610542 0.8724999999999999 0.634146
0 0.1595703125 0.7210739516837482 0.08812499999999998 0.25140699999999994
0 0.20078125 0.6570823748169838 0.070625 0.1923070000000001
0 0.2283984375 0.7304549516837482 0.12437500000000001 0.24953100000000006
0 0.274296875 0.6250731171303074 0.058750000000000024 0.18480300000000005
0 0.29671875 0.7241424055636896 0.08625000000000005 0.2157600000000001
0 0.3248828125 0.7770343997071741 0.10499999999999998 0.30581699999999995
0 0.3351953125 0.5619494421669107 0.08937499999999998 0.148218
0 0.393125 0.782504982430454 0.12687500000000002 0.27486
0 0.418984375 0.6252574729136164 0.075625 0.17167
0 0.426796875 0.5052880131771597 0.09125 0.29643500000000006
0 0.4793359375 0.7505581054172769 0.10749999999999998 0.366792
0 0.5232421875 0.47094672474377747 0.11625000000000002 0.26735500000000006
0 0.55625 0.7697319765739385 0.125625 0.365854
0 0.5237109375 0.5917840863836017 0.04625000000000001 0.16228900000000002
0 0.583203125 0.6120543748169838 0.06812499999999999 0.192307
0 0.64046875 0.7522325285505124 0.08687499999999992 0.307692
0 0.6889453125 0.6007973748169839 0.08937499999999998 0.192307
0 0.7133203125 0.7906945285505124 0.1193749999999999 0.307692
0 0.76359375 0.6901351727672035 0.08687500000000004 0.322701
0 0.854140625 0.7874676573938507 0.14625 0.31238299999999997
0 0.8965625 0.3588491903367496 0.078125 0.05253300000000002
