0 0.5131607247437775 0.7653125 0.2692309999999999 0.4231250000000001
0 0.7216165153733528 0.7238671875 0.012195000000000077 0.05312499999999998
0 0.7454102884333822 0.7238671875 0.03095700000000004 0.05312499999999998
0 0.7647685153733529 0.7191015625 0.01313299999999997 0.03437499999999993
0 0.7839423865300146 0.7121484375 0.010319000000000125 0.030625000000000013
0 0.8090860307467057 0.711953125 0.0234529999999999 0.03562500000000002
0 0.8310749019033674 0.7160546875 0.020636999999999944 0.03749999999999998
0 0.8447340307467057 0.7121484375 0.02626599999999994 0.030625000000000013
0 0.871297644216691 0.716171875 0.015947999999999952 0.02749999999999997
0 0.881616644216691 0.7170703125 0.015010000000000226 0.02562500000000001
0 0.9850341595900439 0.7256640625 0.02720499999999997 0.04937499999999995
