0 0.085859375 0.2461455 0.013124999999999998 0.017499999999999998
0 0.1143359375 0.2353125 0.013749999999999998 0.017499999999999998
0 0.1405078125 0.2365104166666667 0.010624999999999996 0.013332999999999965
0 0.181640625 0.2885413333333333 0.020625000000000004 0.135834
0 0.1959765625 0.29953124999999997 0.03375 0.165
0 0.2291796875 0.2896350833333334 0.037500000000000006 0.12916699999999995
0 0.2471875 0.25114583333333335 0.016249999999999987 0.059167000000000004
0 0.30375 0.2740100833333334 0.03125 0.09833399999999996
0 0.3702734375 0.2567190833333333 0.030624999999999958 0.06583299999999996
0 0.415546875 0.2753645833333333 0.02812500000000001 0.08250000000000002
0 0.430625 0.25010383333333336 0.033125000000000016 0.09083400000000001
0 0.455390625 0.24062533333333333 0.020625000000000004 0.07333300000000002
0 0.4801953125 0.2277604166666667 0.026249999999999996 0.07583299999999997
0 0.539765625 0.2193746666666667 0.020625000000000004 0.05333399999999999
0 0.7234765625 0.22333366666666665 0.03437499999999993 0.084166
0 0.9294921875 0.28098958333333335 0.05437500000000006 0.23750000000000004
