0 0.14390625 0.33270833333333333 0.039999999999999994 0.13583299999999998
0 0.224765625 0.3182295 0.08375000000000002 0.20333299999999999
0 0.2496875 0.3148955 0.07874999999999999 0.20333400000000004
0 0.347578125 0.3722916666666667 0.130625 0.490833
0 0.47234375 0.39572883333333336 0.18062499999999998 0.62
0 0.4488671875 0.16072916666666667 0.023125000000000007 0.038332999999999985
0 0.563203125 0.3683336666666667 0.12937500000000002 0.45999999999999996
0 0.6209765625 0.31041633333333335 0.03500000000000003 0.106667
0 0.6462109375 0.306875 0.04562500000000003 0.09499999999999997
0 0.6696484375 0.3080205 0.030000000000000027 0.1100000000000001
0 0.8728515625 0.29609375 0.25250000000000006 0.11750000000000001
