0 0.4990234375 0.5249695 0.998366 0.26634
0 0.18875125 0.650135125 0.07189499999999999 0.09803899999999999
0 0.2929879375 0.655037125 0.076797 0.09803899999999999
0 0.380603875 0.62558675 0.06045800000000001 0.11764800000000009
0 0.4975934375 0.599686125 0.06209199999999998 0.16176500000000005
0 0.542649625 0.63283775 0.08333299999999999 0.08660200000000007
0 0.5955566875 0.8085745625 0.10130700000000004 0.12745099999999998
0 0.657986 0.6644260625 0.09477100000000005 0.143791
0 0.7403808125 0.664726 0.07352999999999998 0.15686299999999997
0 0.8356375625 0.809232 0.16013100000000002 0.12581700000000007
