0 0.16296875 0.7233966005873715 0.0875 0.408278
0 0.285 0.6791584610866372 0.0625 0.45531499999999997
0 0.3062890625 0.7177743201174743 0.08187500000000003 0.48165600000000003
0 0.3576953125 0.7233966005873715 0.05750000000000005 0.4111010000000001
0 0.413359375 0.7362230279001468 0.07437500000000002 0.39322700000000005
0 0.430234375 0.7313134522760647 0.043125000000000024 0.33207899999999996
0 0.5062890625 0.7093087400881057 0.080625 0.36312400000000006
0 0.5129296875 0.5453027268722467 0.06937499999999996 0.17779799999999993
0 0.581015625 0.6651623186490455 0.145625 0.462841
0 0.5472265625 0.7349157356828194 0.06625000000000003 0.3010350000000001
0 0.651328125 0.6748207533039647 0.12937500000000002 0.5475070000000001
0 0.6205859375 0.7243852995594714 0.04499999999999993 0.19661399999999993
0 0.76171875 0.6904933201174743 0.08687500000000004 0.48259599999999997
0 0.82015625 0.7717427327459617 0.07062499999999994 0.260583
0 0.8589453125 0.7466183069016152 0.0893750000000001 0.2972720000000001
0 0.881875 0.7223190234948604 0.06375000000000008 0.33019800000000005
0 0.9201953125 0.7893880176211453 0.057499999999999996 0.24835300000000002
