0 0.6085546875 0.6753033230543318 0.13250000000000006 0.523989
0 0.2161328125 0.29531816152716595 0.073125 0.2615239999999999
0 0.26472656250000004 0.25775816005873714 0.06562499999999996 0.24082800000000001
0 0.2990625 0.4815137430249633 0.07937499999999997 0.4045149999999999
0 0.3664453125 0.4321604522760647 0.08812500000000001 0.33396000000000003
0 0.531484375 0.18708830249632893 0.07437499999999997 0.23706499999999997
0 0.62515625 0.09069901174743025 0.040000000000000036 0.165569
0 0.6967578125 0.13335386490455212 0.073125 0.11006500000000001
0 0.767890625 0.06422143465491924 0.05124999999999991 0.086547
0 0.7715625 0.023494860499265784 0.046875 0.048918
0 0.776015625 0.1850234464023495 0.05125000000000002 0.250235
