0 0.2176953125 0.9692455768667643 0.02562500000000001 0.05909899999999993
0 0.275390625 0.9400243806734992 0.020625000000000004 0.10225100000000005
0 0.285234375 0.8613655768667643 0.012500000000000011 0.06097500000000005
0 0.2959375 0.8089026749633969 0.016874999999999973 0.04033699999999997
0 0.3009375 0.8519144787701317 0.016874999999999973 0.08067500000000007
0 0.3225390625 0.8523263499267935 0.01937500000000003 0.07692300000000017
0 0.3364453125 0.8968723806734992 0.02562500000000001 0.10225100000000022
0 0.340390625 0.8217812210834553 0.020625000000000004 0.07504700000000004
0 0.351640625 0.8151710614934115 0.020625000000000004 0.04784199999999991
0 0.3995703125 0.9479412518301611 0.026874999999999982 0.09943699999999987
0 0.5387890625 0.6471051478770131 0.29999999999999993 0.20825500000000013
0 0.4369921875 0.8603574787701317 0.021874999999999978 0.08067500000000007
0 0.4790625 0.8182567364568081 0.015625 0.08536600000000018
0 0.5409375 0.7799800922401171 0.01750000000000007 0.07316999999999996
0 0.5546875 0.7818560922401171 0.016874999999999973 0.07129400000000001
0 0.5881640625 0.86088260761347 0.018750000000000044 0.08255199999999983
0 0.61234375 0.8552546076134698 0.024375000000000036 0.08255200000000017
0 0.616015625 0.8089026749633969 0.020000000000000018 0.04033699999999997
0 0.6225390625 0.7962948038067349 0.01937500000000003 0.04221400000000006
0 0.6625390625 0.73048860761347 0.08062499999999995 0.082552
0 0.6534765625 0.9669567057101025 0.034375000000000044 0.06285199999999998
0 0.6776953125 0.9052011229868229 0.02562500000000001 0.09662300000000003
0 0.6951171875 0.9651949633967789 0.023125000000000062 0.06754199999999994
0 0.7215625 0.7275171903367497 0.016249999999999987 0.05065600000000001
0 0.7339453125 0.9525169941434847 0.02562500000000001 0.09193299999999989
0 0.7378125 0.7239927057101025 0.016874999999999973 0.06191299999999994
0 0.7583203125 0.8926643499267936 0.026874999999999982 0.076923
0 0.767265625 0.8287600922401172 0.020000000000000018 0.07035599999999995
0 0.7819921875 0.8853868653001463 0.021874999999999978 0.08818100000000016
0 0.7862890625 0.8291719633967789 0.018125000000000058 0.06848
0 0.8146875 0.8394208653001464 0.015625 0.08818000000000019
0 0.8276953125 0.897284251830161 0.02562500000000001 0.09849899999999998
0 0.8305859375 0.8295838345534408 0.014375000000000027 0.06472799999999992
0 0.8462109375 0.88058260761347 0.015000000000000013 0.08255200000000017
0 0.85234375 0.9018609941434848 0.024375000000000036 0.09286999999999998
0 0.8794921875 0.8890957057101025 0.02312499999999995 0.06379000000000003
0 0.892578125 0.9066652518301611 0.036250000000000004 0.09849899999999998
0 0.8894921875 0.8760068653001464 0.021874999999999978 0.09005600000000014
