0 0.0269140625 0.6809899166666668 0.019375 0.029999999999999954
0 0.0493359375 0.6775003333333333 0.014374999999999999 0.04333299999999992
0 0.07234375 0.67786425 0.023750000000000007 0.040000000000000036
0 0.0996875 0.6888541666666667 0.016875 0.06916699999999998
0 0.3020703125 0.7292705 0.05687500000000001 0.1733340000000001
0 0.3953125 0.7227086666666667 0.046875 0.17750000000000007
0 0.45359375 0.7253645833333334 0.05562499999999998 0.20833299999999996
0 0.551640625 0.7798434166666667 0.08374999999999999 0.26333399999999996
0 0.5375390625 0.7539583333333333 0.04999999999999993 0.19833299999999995
0 0.6023046875 0.721458 0.03875000000000006 0.1566670000000001
0 0.656015625 0.6938545 0.020625000000000004 0.11083299999999996
0 0.68109375 0.6918225833333334 0.024374999999999925 0.11416699999999998
0 0.7246875 0.6879690833333334 0.046875 0.12916599999999998
0 0.7638671875 0.67098925 0.02312499999999995 0.07249999999999994
0 0.7828515625 0.6687499999999998 0.03500000000000003 0.06416700000000009
0 0.79734375 0.6572395833333333 0.024375000000000036 0.051666999999999984
0 0.8248046875 0.6935413333333332 0.03874999999999995 0.135834
0 0.8669921875 0.6909371666666666 0.022500000000000075 0.13250000000000015
0 0.8830859375 0.7130208333333332 0.04625000000000001 0.151667
0 0.9177734375 0.7164065833333334 0.02937500000000004 0.175833
0 0.9641796875 0.7164059166666666 0.06937499999999996 0.21749999999999994
0 0.9864453125 0.6615100833333334 0.02562500000000001 0.09833399999999992
