0 0.4990234375 0.5242491764705882 0.998125 0.10818399999999997
0 0.4990234375 0.8597782941176471 0.999375 0.27751600000000004
0 0.29875 0.9131401176470588 0.594375 0.17121300000000003
0 0.499921875 0.4460604117647059 0.9975 0.14863600000000007
0 0.5125390625 0.8924751764705882 0.01937499999999992 0.05644400000000006
0 0.5309375 0.8930596470588236 0.016875000000000084 0.03856999999999991
0 0.5481640625 0.8942918823529411 0.018124999999999947 0.03104400000000015
0 0.5498828125 0.8968226470588234 0.010000000000000009 0.038570000000000076
0 0.5628125 0.8938814705882352 0.016874999999999973 0.03292500000000018
0 0.56390625 0.9005856470588235 0.009374999999999911 0.038570000000000076
0 0.824375 0.9524552352941176 0.34562500000000007 0.09219200000000018
0 0.9612109375 0.6103204705882354 0.07625000000000004 0.08278399999999998
