0 0.3899609375 0.5351157262079063 0.35874999999999996 0.744841
0 0.28507812499999996 0.5749976954612006 0.129375 0.7232639999999999
0 0.45 0.35920997071742317 0.06437500000000002 0.45591
0 0.5067578125000001 0.5351598857979503 0.13562499999999994 0.7711070000000001
0 0.599375 0.29320991508052713 0.09437499999999999 0.3189499999999999
0 0.631484375 0.28540730161054173 0.07437499999999997 0.32551599999999997
0 0.7185546875 0.5893144319180088 0.13250000000000006 0.8058160000000001
0 0.745625 0.4354147686676427 0.125625 0.586304
0 0.856484375 0.47599850512445097 0.13812500000000005 0.670732
0 0.90125 0.3363888535871157 0.0625 0.271106
0 0.9561328125 0.40570209956076136 0.073125 0.45966299999999993
0 0.9816015625 0.5034561727672034 0.034375000000000044 0.324577
