0 0.104375 0.3089730058737151 0.033125 0.08270699999999999
0 0.33046875 0.7060538781204112 0.11812500000000004 0.29417199999999993
0 0.42125 0.7549860161527167 0.0625 0.2274440000000001
0 0.4591015625 0.1050260058737151 0.03437499999999999 0.082707
0 0.5391796875 0.6541327209985316 0.038124999999999964 0.09586499999999999
0 0.6015234375 0.06666886196769456 0.029999999999999916 0.06766899999999999
0 0.635390625 0.06267414684287813 0.020625000000000004 0.058271
0 0.669375 0.17598557562408224 0.03187499999999999 0.06014999999999999
0 0.72453125 0.1406231483113069 0.040000000000000036 0.078947
0 0.7710546875 0.7949305859030839 0.038125000000000075 0.20488699999999993
0 0.8577734375 0.23437343318649045 0.030000000000000027 0.06578900000000001
0 0.9157421875 0.6830330058737151 0.053749999999999964 0.08458700000000008
0 0.9180859375 0.27249586196769454 0.04500000000000004 0.06766900000000002
0 0.95484375 0.234196577092511 0.024375000000000036 0.08082700000000002
