1 0.5042187499999999 0.8367123225806451 0.7124999999999999 0.32457800000000003
1 0.0078125 0.6010853079178885 0.01625 0.03564700000000011
1 0.12890625 0.7751455659824047 0.25875 0.2945590000000001
1 0.1065625 0.6075962375366569 0.07874999999999999 0.05628600000000006
1 0.2005859375 0.609062513196481 0.07624999999999998 0.060038000000000015
1 0.273125 0.6206200967741935 0.15749999999999997 0.099437
1 0.51109375 0.6528146803519063 0.42999999999999994 0.13508399999999995
1 0.355078125 0.5945733782991203 0.036250000000000004 0.015008999999999974
1 0.4717578125 0.5798639618768329 0.16625000000000006 0.05440899999999994
1 0.5384375 0.618033788856305 0.17374999999999996 0.06379000000000005
1 0.5801171875 0.6111756158357771 0.11625000000000008 0.07317100000000001
1 0.66703125 0.5999186158357771 0.10250000000000004 0.07129500000000004
1 0.7040625 0.42179175659824053 0.07999999999999996 0.030018999999999924
1 0.751015625 0.5942896158357771 0.08250000000000002 0.07129500000000004
1 0.7628515625 0.4200893782991203 0.03500000000000003 0.016886000000000012
1 0.814375 0.6024414428152493 0.09500000000000008 0.08067499999999993
1 0.898359375 0.3951160322580645 0.13750000000000007 0.03377100000000005
1 0.889375 0.5982787184750733 0.09375 0.08442799999999995
1 0.8633984375 0.5672508269794722 0.030000000000000027 0.011256999999999934
1 0.953671875 0.5270948592375367 0.09000000000000008 0.04315199999999992
1 0.95421875 0.4278939618768329 0.08750000000000002 0.05440899999999994
1 0.9641796875 0.5947628211143696 0.06874999999999998 0.09568499999999988
1 0.9562109375 0.5749919296187683 0.04500000000000004 0.022514000000000034
