0 0.1932421875 0.49112160530191457 0.11625000000000002 0.07735900000000004
0 0.3444140625 0.49089158910162 0.08124999999999999 0.06603700000000004
0 0.4991015625 0.48546160530191457 0.19 0.07924499999999995
0 0.6337890625 0.48205506480117816 0.018124999999999947 0.050000000000000065
0 0.6480078125 0.4805823107511045 0.010000000000000009 0.04622599999999999
0 0.7133203125 0.18003162150220914 0.025624999999999898 0.08867899999999998
0 0.7790625 0.4900163107511045 0.016249999999999987 0.04622600000000007
0 0.7925390625 0.4835278188512518 0.018125000000000058 0.051885999999999995
0 0.805234375 0.4850005729013255 0.012500000000000067 0.05566000000000008
0 0.83765625 0.501567326951399 0.008750000000000036 0.05848999999999995
0 0.8642578125 0.4919500972017673 0.011249999999999982 0.07169800000000004
0 0.875234375 0.49236434315169364 0.013124999999999942 0.06981100000000004
0 0.890859375 0.5023948188512518 0.013124999999999942 0.05283100000000002
0 0.965390625 0.5057545729013254 0.020625000000000004 0.05471700000000003
0 0.9869921875 0.5087000810014728 0.022500000000000075 0.06037799999999994
