1 0.1195703125 0.3381824302496329 0.02687500000000001 0.025398999999999994
1 0.3486328125 0.516599577092511 0.10375000000000001 0.080903
1 0.3546875 0.3160170014684288 0.048750000000000016 0.020696999999999976
1 0.4359765625 0.30649514390602056 0.034999999999999976 0.01599299999999996
1 0.685 0.3684002878120411 0.03312499999999996 0.031044000000000037
1 0.7139453125 0.2599865726872247 0.02562500000000001 0.017873999999999987
1 0.7459765625 0.36275528781204114 0.03500000000000003 0.03198499999999994
1 0.77859375 0.2602162878120411 0.024375000000000036 0.031043999999999995
1 0.811875 0.36734443024963287 0.03312499999999996 0.02445899999999999
1 0.8203515625 0.25369928634361233 0.03500000000000003 0.011288999999999981
1 0.854921875 0.3654634302496329 0.028124999999999956 0.026339999999999978
