0 0.04421875 0.5269791666666667 0.024375 0.10083300000000002
0 0.0826953125 0.27640591666666664 0.058125 0.09333399999999999
0 0.1806640625 0.9126045 0.205625 0.17250000000000001
0 0.10125 0.52994825 0.03187499999999999 0.10333299999999997
0 0.15109375 0.5317708333333333 0.023749999999999993 0.08916700000000007
0 0.2080078125 0.6092711666666667 0.04125000000000001 0.13249999999999998
0 0.2758984375 0.6317184166666666 0.06062500000000001 0.10916700000000001
0 0.3391796875 0.8953645833333334 0.1325 0.20666700000000007
0 0.450546875 0.8793225833333334 0.12249999999999994 0.23833400000000005
0 0.4419140625 0.043333666666666666 0.050000000000000044 0.08583299999999999
0 0.5658203125 0.7726045 0.15125 0.1741659999999999
0 0.5200390625 0.4388541666666667 0.05062500000000003 0.19499999999999992
0 0.5493359375 0.3535934166666666 0.04625000000000001 0.20083400000000004
0 0.547421875 0.564792 0.028125000000000067 0.03166600000000005
0 0.55578125 0.049479166666666664 0.040000000000000036 0.10000000000000002
0 0.5507421875 0.2076559166666667 0.021874999999999978 0.03083399999999999
0 0.5825 0.4113541666666667 0.06312499999999999 0.19333300000000006
0 0.7208203125 0.840417 0.308125 0.3150000000000001
0 0.62671875 0.8569270833333333 0.08750000000000002 0.28416700000000006
0 0.814453125 0.6925517500000001 0.06687500000000002 0.15
0 0.8855078125 0.7364583333333332 0.07374999999999998 0.199167
0 0.93140625 0.7319270833333333 0.13437500000000002 0.5341670000000001
0 0.9308203125 0.2711975833333333 0.05687500000000001 0.08249999999999998
0 0.9144921875 0.2724479166666667 0.021874999999999978 0.06083299999999999
0 0.9510546875 0.6364065833333333 0.03874999999999995 0.05166599999999999
