1 0.2773828125 0.6315104166666666 0.010624999999999996 0.01333300000000004
1 0.31453125 0.6276045 0.07187500000000002 0.04833299999999996
1 0.361875 0.6255208333333334 0.03249999999999997 0.02749999999999993
1 0.417734375 0.6219795 0.013124999999999998 0.01583300000000006
1 0.5155078125 0.62223925 0.010000000000000009 0.010000000000000009
1 0.5752734375 0.61807325 0.06062499999999993 0.009166000000000007
1 0.6894140625 0.6166145833333334 0.018124999999999947 0.020832999999999952
1 0.7480078125 0.62421875 0.010000000000000009 0.025832999999999995
1 0.7634765625 0.6153125 0.03500000000000003 0.015832999999999913
1 0.764453125 0.6363024166666666 0.036250000000000004 0.04666600000000002
1 0.7844921875 0.6402086666666666 0.05312499999999998 0.054165999999999936
1 0.901953125 0.7289586666666666 0.193125 0.24166600000000002
