1 0.069765625 0.4595315833333333 0.0825 0.08250000000000002
1 0.505078125 0.6492184166666667 0.849375 0.608334
1 0.1734375 0.46171908333333334 0.07875000000000001 0.06750000000000005
1 0.4523828125 0.4464586666666666 0.635625 0.11500000000000006
1 0.303046875 0.43161458333333336 0.028749999999999998 0.019166999999999934
1 0.3368359375 0.4589065833333334 0.07624999999999998 0.05166599999999999
1 0.361484375 0.4212496666666667 0.043749999999999956 0.02333400000000004
1 0.4127734375 0.42640625000000004 0.029374999999999984 0.009999999999999934
1 0.471328125 0.4446871666666667 0.09812500000000002 0.06833400000000005
1 0.584375 0.4410940833333334 0.03187499999999999 0.03416599999999992
1 0.6244921875 0.44151075 0.08437499999999998 0.05499999999999994
1 0.702421875 0.43348991666666664 0.028125000000000067 0.029166000000000025
1 0.7369921875 0.4389065833333334 0.05312500000000009 0.05166599999999999
1 0.913203125 0.4459378333333333 0.09812500000000002 0.09000000000000001
1 0.960859375 0.4543225833333333 0.07562500000000005 0.11333399999999998
