0 0.3671875 0.6639039593495936 0.08000000000000002 0.494791
0 0.0172265625 0.5206106097560975 0.034375 0.12369800000000002
0 0.038125 0.5032711707317072 0.031875 0.13541700000000004
0 0.0571875 0.6607914959349593 0.0475 0.203125
0 0.0705859375 0.5232466178861788 0.045625 0.2252610000000001
0 0.13546875 0.5488761788617886 0.05499999999999999 0.23958300000000005
0 0.2278125 0.5970215040650406 0.04874999999999999 0.304687
0 0.276015625 0.6629507154471544 0.083125 0.44531300000000007
0 0.4454296875 0.5639286991869918 0.03749999999999998 0.24348999999999998
0 0.483359375 0.5583709430894309 0.043125000000000024 0.289063
0 0.537421875 0.8250442113821138 0.05999999999999994 0.14322900000000008
0 0.5409765625 0.5529412195121951 0.03499999999999992 0.24479099999999995
0 0.566640625 0.8459408943089431 0.05249999999999999 0.18098999999999998
0 0.5893359375 0.5395067804878048 0.04625000000000001 0.2565110000000001
0 0.6025390625 0.8741107723577236 0.050000000000000044 0.15755199999999997
0 0.618828125 0.5601817398373984 0.036250000000000004 0.251302
0 0.6382421875 0.7481258536585366 0.053750000000000075 0.173178
0 0.6550390625 0.6538360487804878 0.050000000000000044 0.11197999999999998
0 0.7453125 0.48904352845528454 0.04749999999999999 0.10937500000000006
0 0.7834375 0.5549737398373984 0.04874999999999996 0.25
0 0.83421875 0.7510479349593496 0.15000000000000002 0.19010399999999997
0 0.8526953125 0.5734561382113821 0.057499999999999996 0.23046900000000006
0 0.96171875 0.5943538211382113 0.05500000000000005 0.26692699999999997
