0 0.0146484375 0.2998368235294118 0.030625 0.046138999999999986
0 0.054375 0.2945353529411765 0.031874999999999994 0.06403099999999995
0 0.1036328125 0.30548682352941176 0.009999999999999995 0.046138999999999986
0 0.117265625 0.2938905882352941 0.02062499999999999 0.054613999999999996
0 0.1618359375 0.29142570588235295 0.014374999999999999 0.026365000000000048
0 0.205625 0.5237511764705882 0.03312499999999999 0.10734399999999993
0 0.2143359375 0.30171982352941173 0.014374999999999999 0.04425600000000003
0 0.232734375 0.2958374705882353 0.013124999999999998 0.03483999999999997
0 0.2779296875 0.5670767647058823 0.06937499999999999 0.06026300000000007
0 0.2993359375 0.5046335294117648 0.04625000000000001 0.06873800000000004
0 0.3270703125 0.5624849411764706 0.057499999999999996 0.06591299999999996
0 0.3665234375 0.5691921176470588 0.06125000000000003 0.07156300000000003
0 0.37171875 0.46214435294117645 0.024375000000000036 0.06403000000000005
0 0.3751953125 0.5382991764705882 0.02562500000000001 0.056497000000000075
0 0.395546875 0.4696773529411765 0.028124999999999956 0.062146999999999966
0 0.4044140625 0.5368285882352941 0.019374999999999976 0.05367200000000009
0 0.4173828125 0.570198 0.04250000000000004 0.051789000000000085
0 0.417265625 0.5364161764705883 0.021250000000000047 0.05837999999999999
0 0.4477734375 0.4970482352941176 0.02937500000000004 0.042371999999999965
0 0.4495703125 0.5266506470588235 0.026874999999999982 0.03860600000000005
0 0.4598828125 0.5681349411764706 0.041874999999999996 0.06497100000000006
0 0.4796484375 0.49998941176470585 0.029374999999999984 0.04802200000000002
0 0.4984375 0.5689597647058824 0.04749999999999999 0.05932199999999998
0 0.5112890625 0.5037554117647058 0.01937500000000003 0.04990600000000009
0 0.5226953125 0.5022848235294117 0.02562500000000001 0.04613900000000003
0 0.5394140625 0.5658385294117647 0.04999999999999993 0.06968000000000003
0 0.5470703125 0.49404317647058826 0.02562500000000001 0.05837999999999999
0 0.5582421875 0.5662509411764706 0.022499999999999964 0.06591400000000003
0 0.5828515625 0.5658385294117647 0.03374999999999995 0.06968000000000003
0 0.5800390625 0.49998941176470585 0.01937499999999992 0.049905000000000026
0 0.6015234375 0.5723133529411765 0.030625000000000013 0.062146999999999966
0 0.6125 0.4993436470588235 0.03249999999999997 0.04048999999999995
0 0.626328125 0.5689597647058824 0.03687499999999999 0.06026399999999997
0 0.634375 0.5430071764705883 0.03125 0.05743899999999998
0 0.6440234375 0.5022848235294117 0.02937499999999993 0.04613900000000003
0 0.6456640625 0.5696055294117647 0.018125000000000058 0.06779599999999997
0 0.668828125 0.5704303529411765 0.03562500000000002 0.062146999999999966
0 0.68078125 0.49475182352941177 0.040000000000000036 0.04425600000000003
0 0.6737890625 0.5434195882352941 0.01937499999999992 0.053672000000000004
0 0.684921875 0.5490695882352942 0.028124999999999956 0.05555499999999992
0 0.6932421875 0.4283625294117647 0.02312499999999995 0.06967900000000005
0 0.7140625 0.5340452941176471 0.04874999999999996 0.12711800000000004
0 0.746953125 0.5125683529411764 0.03687499999999999 0.11393500000000008
0 0.765546875 0.45079205882352935 0.028125000000000067 0.036723000000000054
0 0.7733984375 0.4821507058823529 0.02937499999999993 0.07532999999999992
0 0.7932421875 0.4432590588235294 0.023125000000000062 0.03672299999999997
0 0.8163671875 0.44932147058823524 0.021874999999999978 0.03484000000000006
0 0.83546875 0.4143014117647059 0.024375000000000036 0.048964000000000014
0 0.839375 0.4462002352941176 0.03312500000000007 0.04237300000000003
0 0.8658203125 0.4503796470588235 0.026874999999999982 0.04048900000000005
0 0.88796875 0.4413760588235294 0.024375000000000036 0.03672299999999997
0 0.9000390625 0.4489090588235294 0.018125000000000058 0.036723000000000054
0 0.9101171875 0.4447296470588235 0.02312499999999995 0.03860600000000005
0 0.913984375 0.2840088823529412 0.01187500000000008 0.031073999999999977
0 0.9256640625 0.44555547058823536 0.018125000000000058 0.03295599999999991
0 0.9266796875 0.2896588823529412 0.007500000000000062 0.031073000000000035
0 0.9378125 0.43825482352941175 0.016874999999999973 0.04425599999999995
0 0.9521875 0.44555547058823536 0.01750000000000007 0.03483899999999999
0 0.9752734375 0.44537541176470585 0.02937500000000004 0.04802200000000002
0 0.993359375 0.4208924117647059 0.011874999999999969 0.049906000000000006
