0 0.21484375 0.692077961832061 0.429688 0.49816900000000003
0 0.073046375 0.38646800763358774 0.044532 0.142857
0 0.319921875 0.42707233587786264 0.4023439999999999 0.18315099999999998
0 0.2859375 0.31106237404580156 0.20390599999999998 0.08302799999999996
0 0.471875 0.7558673282442749 0.18828099999999998 0.440781
0 0.698046375 0.3031604732824427 0.44999999999999996 0.31013399999999997
0 0.5765625 0.772044175572519 0.203125 0.432234
0 0.544141125 0.5403196183206107 0.06796800000000003 0.179488
0 0.6916018125 0.5693235114503817 0.07343700000000009 0.21367600000000003
0 0.75624975 0.4908700534351145 0.05624999999999991 0.18559300000000004
0 0.819922125 0.5131631221374046 0.09843700000000011 0.247864
0 0.903515875 0.6090312595419848 0.09062500000000007 0.37851100000000004
0 0.967188 0.3837446030534351 0.06328099999999992 0.29670399999999997
