1 0.785078125 0.8195968825256975 0.41125 0.35808300000000004
1 0.0615234375 0.1709874434654919 0.123125 0.209587
1 0.0791015625 0.4260957356828194 0.15875 0.300752
1 0.3131640625 0.8236505961820852 0.425 0.3486839999999999
1 0.2982421875 0.21075515712187962 0.24187499999999998 0.20206800000000003
1 0.4608203125 0.4506474537444934 0.338125 0.352444
1 0.528828125 0.0513950073421439 0.224375 0.103383
1 0.6005859375 0.17815373127753303 0.29500000000000004 0.238721
1 0.8229296875 0.29810101908957415 0.35125000000000006 0.267857
1 0.9484765625 0.8178347400881056 0.09750000000000003 0.3618419999999999
1 0.9773828125 0.3716437342143906 0.04249999999999998 0.279135
