0 0.74140625 0.65713575 0.07124999999999992 0.213333
0 0.042109375 0.44598925 0.075 0.19666700000000006
0 0.051171875 0.4821350833333333 0.09 0.12833400000000003
0 0.0714453125 0.8032295 0.08875000000000001 0.2033329999999999
0 0.0698828125 0.5951559166666667 0.07375 0.15499999999999994
0 0.12015625 0.4212496666666667 0.07125 0.14833400000000005
0 0.14363281249999998 0.5096875 0.0725 0.11166700000000003
0 0.15042968750000002 0.6234899166666666 0.06999999999999999 0.15500000000000003
0 0.1978125 0.44046908333333334 0.07999999999999999 0.12833300000000003
0 0.2096484375 0.6274479166666667 0.09249999999999997 0.18500000000000005
0 0.2134765625 0.5272916666666666 0.065 0.11499999999999999
0 0.29007812499999996 0.6512496666666666 0.09875000000000003 0.14666699999999996
0 0.273046875 0.5263545 0.05875 0.11166599999999997
0 0.2809765625 0.4450524166666667 0.06499999999999997 0.10833300000000001
0 0.334765625 0.5204690833333333 0.08374999999999999 0.12833299999999995
0 0.3463671875 0.4481770833333334 0.05375000000000002 0.09666699999999999
0 0.441953125 0.44833366666666663 0.0675 0.08500000000000003
0 0.5075000000000001 0.47479200000000005 0.06375000000000003 0.15833299999999997
0 0.5254296875 0.55755175 0.07 0.15000000000000005
0 0.5289453125 0.39276041666666667 0.026249999999999996 0.07666700000000004
0 0.5709765625 0.4409895833333333 0.06500000000000006 0.11333299999999998
0 0.6075 0.5411458333333333 0.06374999999999997 0.18333300000000005
0 0.608828125 0.3831253333333333 0.03624999999999989 0.07500000000000002
0 0.63953125 0.3790625 0.040000000000000036 0.07833299999999999
0 0.6410546875 0.535208 0.03874999999999995 0.0949999999999999
0 0.6772265625 0.4304163333333333 0.06625000000000003 0.10666700000000007
0 0.682734375 0.52578125 0.043749999999999956 0.10333300000000005
0 0.7338671875 0.4936975833333333 0.053749999999999964 0.081667
0 0.7351171875 0.411875 0.053749999999999964 0.09500000000000004
0 0.8129296875 0.4204690833333333 0.06999999999999995 0.12833300000000003
0 0.837265625 0.62911425 0.08374999999999999 0.10166700000000002
0 0.86125 0.5162496666666666 0.125 0.14833400000000005
0 0.8803515625 0.6125 0.16000000000000003 0.12666699999999995
0 0.870546875 0.4056774166666666 0.05999999999999994 0.13833299999999996
0 0.9254296875 0.4645309166666667 0.06874999999999998 0.12333399999999999
0 0.9623828125 0.8388541666666667 0.07250000000000001 0.318333
0 0.9677734375 0.35192675 0.06125000000000003 0.11833400000000001
0 0.9731640625 0.4665628333333333 0.050000000000000044 0.12166600000000012
