0 0.0516015625 0.47013147058823523 0.034375 0.132768
0 0.1546484375 0.4754958235294117 0.029374999999999984 0.09510300000000005
0 0.286484375 0.5418877647058823 0.16812499999999997 0.810735
0 0.350625 0.5133044705882353 0.0625 0.4830510000000001
0 0.4265625 0.5168381176470589 0.11125000000000002 0.4717519999999999
0 0.50328125 0.5328461176470588 0.10250000000000004 0.4726929999999999
0 0.55828125 0.5066416470588235 0.07187500000000002 0.29001799999999994
0 0.6230078125 0.5117620588235294 0.073125 0.28719399999999995
0 0.6826171875 0.5089476470588236 0.053749999999999964 0.23917199999999988
0 0.8351171875 0.5191593529411765 0.023125000000000062 0.11393599999999997
0 0.8523828125 0.516672294117647 0.04125000000000001 0.177966
0 0.9701953125 0.5083445882352942 0.057499999999999996 0.30508499999999994
0 0.95859375 0.5084412352941177 0.024374999999999925 0.14312599999999998
