0 0.046053686217008796 0.817187 0.051643 0.06406299999999998
0 0.05162941055718475 0.4666015625 0.046948000000000004 0.06562499999999999
0 0.05867141055718475 0.57421825 0.049296 0.07187499999999991
0 0.07921285923753665 0.917188 0.042254000000000014 0.03281199999999995
0 0.11470644281524926 0.9562505 0.079813 0.07968699999999995
0 0.1258656862170088 0.624608875 0.05164299999999999 0.059376000000000095
0 0.1252801348973607 0.9169921875 0.04460099999999999 0.05312499999999998
0 0.1522722375366569 0.9593755 0.056338 0.078125
0 0.1493464809384164 0.672265625 0.028169 0.020313000000000025
0 0.1704666862170088 0.6650395625 0.05164299999999999 0.034375000000000044
0 0.20274513489736068 0.8916020625 0.04460100000000001 0.050000000000000044
0 0.20421141055718472 0.926171875 0.04694900000000001 0.028125000000000067
0 0.20890641055718476 0.97109375 0.046948 0.05468800000000007
0 0.23062475659824044 0.664453625 0.030517000000000027 0.020311999999999997
0 0.23942241055718474 0.884375 0.04694900000000003 0.06406299999999998
0 0.27932161583577714 0.8791015625 0.07276999999999997 0.06562499999999993
0 0.2957604105571847 0.659765125 0.04694900000000003 0.035938000000000025
0 0.3236410322580645 0.8763671875 0.03286400000000002 0.05312499999999998
0 0.35063213489736067 0.9091796875 0.04460099999999999 0.06874999999999998
0 0.3617845835777126 0.6505864375 0.039905999999999955 0.02968700000000002
0 0.3805635835777126 0.868359375 0.039905999999999955 0.07499999999999996
0 0.41108058357771265 0.8701176875 0.039906 0.06875000000000009
0 0.41988503225806456 0.6517583125 0.03286399999999993 0.026561999999999975
0 0.4976384105571847 0.765233875 0.04694900000000003 0.059376000000000095
0 0.49998641055718474 0.6443354375 0.04694800000000006 0.029688000000000048
0 0.5228748592375367 0.6447270625 0.042254 0.018750000000000044
0 0.5325542375366569 0.889063 0.05633799999999996 0.0625
0 0.5680614105571847 0.5312495 0.046947999999999976 0.04843799999999998
0 0.5666019296187683 0.6396484375 0.021127000000000083 0.029688000000000048
0 0.5710007565982405 0.8822265625 0.03051600000000001 0.06562500000000004
0 0.5997553079178886 0.46796875 0.03521100000000004 0.054688000000000014
0 0.6302645131964809 0.520703625 0.05868499999999999 0.051562
0 0.6258724809384164 0.528516125 0.02816899999999998 0.067187
0 0.6408314105571848 0.865234875 0.046947999999999976 0.05937400000000004
0 0.659019064516129 0.987890625 0.06572699999999997 0.020313000000000025
0 0.6628391348973607 0.4521489375 0.04460100000000003 0.04687399999999997
0 0.678678788856305 0.5337885625 0.06338100000000009 0.06562500000000004
0 0.6795673079178886 0.4951176875 0.03755900000000005 0.06875000000000003
0 0.7256345835777126 0.5017573125 0.039906 0.057813
0 0.7552698592375365 0.567578125 0.04225299999999994 0.067187
0 0.7617263079178885 0.945312 0.03521200000000002 0.06406299999999998
0 0.849455237536657 0.6312505 0.05633799999999996 0.017186999999999952
0 0.8705890322580645 0.4171875 0.0328640000000001 0.04843700000000001
0 0.8952409296187683 0.678125 0.021126000000000106 0.0625
0 0.9019867565982406 0.4124995 0.030515999999999842 0.04843799999999998
0 0.9213513079178886 0.6783203125 0.037559000000000134 0.057811999999999975
0 0.9750461348973607 0.47421875 0.04460100000000011 0.05625000000000002
