0 0.1794140625 0.6382104705882353 0.23750000000000002 0.632768
0 0.2535546875 0.5148389411764706 0.16250000000000003 0.46704299999999993
0 0.292421875 0.3940706470588235 0.09000000000000002 0.23917100000000005
0 0.393359375 0.3828682941176471 0.012500000000000011 0.07909599999999996
0 0.411015625 0.3711558823529412 0.020000000000000018 0.08097899999999991
0 0.43859375 0.4592332941176471 0.05625000000000002 0.17702500000000002
0 0.4361328125 0.3610941176470588 0.011249999999999982 0.07156300000000003
0 0.5190625 0.4537411764705882 0.14125 0.256121
0 0.473125 0.42608564705882357 0.03249999999999997 0.239171
0 0.53296875 0.41566376470588234 0.08625000000000005 0.25988700000000003
0 0.543359375 0.35144576470588235 0.012500000000000067 0.060264000000000054
0 0.5605859375 0.35144576470588235 0.01375000000000004 0.060264000000000054
0 0.7239453125 0.579619294117647 0.27625 0.52919
0 0.6255078125 0.4185003529411765 0.04249999999999998 0.212806
0 0.7794140625 0.36955752941176473 0.050000000000000044 0.11864500000000003
0 0.8799609375 0.40650229411764705 0.04625000000000001 0.17702499999999996
0 0.9675 0.42490070588235296 0.0625 0.27495299999999995
