0 0.0126953125 0.7815625 0.026 0.205333
0 0.03153125 0.7782815833333334 0.039999999999999994 0.14399999999999982
0 0.10157031250000001 0.7598649166666668 0.12 0.12266599999999987
0 0.19271875 0.67515625 0.274 0.07200000000000006
0 0.1744140625 0.7957083333333334 0.05000000000000002 0.13599999999999998
0 0.19753125 0.7694163333333334 0.04000000000000001 0.106667
0 0.2821796875 0.8186461666666668 0.07 0.2239999999999999
0 0.4024453125 0.7702815833333334 0.21400000000000002 0.144
0 0.4312890625 0.6617604166666666 0.14400000000000002 0.07733300000000003
0 0.5662499999999999 0.5967705 0.314 0.04800000000000004
0 0.51325 0.8108955 0.06400000000000006 0.205334
0 0.6225859375 0.6537604166666666 0.20199999999999996 0.07733300000000003
0 0.594359375 0.7741878333333334 0.138 0.15199999999999983
0 0.68725 0.7992395833333333 0.06399999999999995 0.17600000000000002
0 0.7793828125 0.7910520833333333 0.136 0.19200000000000003
0 0.82765625 0.6310625 0.19600000000000006 0.08000000000000007
0 0.8736640625 0.7583753333333334 0.1120000000000001 0.13599999999999998
0 0.88525 0.8099065833333333 0.06400000000000006 0.17600000000000002
0 0.915203125 0.8096562500000001 0.06799999999999995 0.19733299999999984
0 0.96115625 0.7545937500000001 0.07199999999999995 0.11733299999999991
