0 0.5301171875 0.6575384055636896 0.05312499999999998 0.21575900000000003
0 0.0295703125 0.6670231595900439 0.025625000000000002 0.029080999999999923
0 0.0525390625 0.6796040922401171 0.019375000000000003 0.0731710000000001
0 0.0795703125 0.6711880307467057 0.025624999999999995 0.023451999999999928
0 0.07984375 0.7122095768667642 0.024374999999999994 0.05909900000000001
0 0.1368359375 0.6871090922401172 0.013749999999999984 0.07317100000000001
0 0.1537890625 0.6680754172767204 0.018125000000000002 0.032832999999999994
0 0.1619921875 0.6921418653001464 0.023125000000000007 0.09005599999999997
0 0.268125 0.7168754245973645 0.15625 0.4212000000000001
0 0.2209375 0.6856449633967789 0.016249999999999987 0.06754200000000002
0 0.2362109375 0.6661994172767203 0.014374999999999999 0.03470900000000011
0 0.3394921875 0.6996823074670571 0.08437500000000003 0.2345210000000001
0 0.3751171875 0.672897896046852 0.021874999999999978 0.11350800000000007
0 0.410234375 0.6706090248901904 0.043125000000000024 0.11538499999999999
0 0.4834375 0.6333664172767203 0.015625 0.032832999999999994
0 0.48859375 0.6532679941434846 0.02437499999999998 0.091932
0 0.5505859375 0.6518220863836017 0.01375000000000004 0.16322700000000007
0 0.568125 0.6617983133235725 0.03187499999999999 0.14634199999999994
0 0.577734375 0.5872160614934114 0.012499999999999956 0.04784199999999991
0 0.6039453125 0.6470168286969253 0.025624999999999898 0.15572300000000008
0 0.648046875 0.6112642884333822 0.028124999999999956 0.031895000000000014
0 0.648046875 0.6848643806734992 0.028124999999999956 0.10131400000000004
0 0.711328125 0.676694055636896 0.06687500000000002 0.13789900000000002
0 0.7267578125 0.5886360307467057 0.011249999999999982 0.02532799999999996
0 0.778671875 0.6578447364568082 0.028124999999999956 0.08630399999999998
0 0.785390625 0.5970089326500732 0.020625000000000004 0.04596600000000004
0 0.8125390625 0.6277114787701318 0.018125000000000058 0.08067599999999996
0 0.8388671875 0.6842249941434846 0.053749999999999964 0.091932
0 0.842890625 0.6064340922401171 0.020625000000000004 0.07129400000000001
0 0.9031640625 0.6197946076134699 0.018124999999999947 0.08442800000000003
0 0.93859375 0.6152188653001464 0.024375000000000036 0.08818000000000002
0 0.9768359375 0.5970089326500732 0.014375000000000027 0.044090000000000094
0 0.992734375 0.6101860922401171 0.012500000000000067 0.07317100000000001
