1 0.0166015625 0.2306691348973607 0.035156 0.044549000000000005
1 0.0166015625 0.272292788856305 0.035156 0.06447800000000004
1 0.0283203125 0.1351225835777126 0.057031 0.038687000000000006
1 0.0322265625 0.16355285923753668 0.064844 0.043376
1 0.0478515625 0.3520314046920821 0.096094 0.13247399999999998
1 0.5056643125 0.5130387595307918 0.902343 0.48769000000000007
1 0.10234375 0.12339958357771262 0.054688 0.04103099999999998
1 0.13124975 0.2646774428152493 0.0875 0.080891
1 0.1408198125 0.17029568621700877 0.072657 0.05158299999999999
1 0.144921875 0.1280885835777126 0.06015599999999999 0.038687000000000006
1 0.1539065 0.22627441055718472 0.046875 0.04923800000000002
1 0.1978520625 0.13453813489736072 0.049217999999999984 0.04572099999999999
1 0.2138674375 0.16941796187683286 0.06093699999999999 0.05392699999999997
1 0.3375 0.1386395835777126 0.06328099999999998 0.041032
1 0.3884760625 0.2242236862170088 0.11249999999999999 0.052754999999999976
1 0.4115229375 0.25412334017595306 0.07734399999999997 0.07034000000000004
1 0.4720705625 0.16003585923753663 0.06484299999999998 0.042204000000000026
1 0.4955078125 0.2848976158357771 0.07343699999999997 0.07151199999999996
1 0.5392580625000001 0.25119078885630497 0.08046799999999993 0.06213300000000001
1 0.5275390625 0.16355285923753668 0.0492189999999999 0.043376
1 0.598046875 0.1761545835777126 0.058594000000000035 0.03985899999999997
1 0.6898435 0.25412334017595306 0.109375 0.07034000000000004
1 0.6900393125 0.1790902375366569 0.057031000000000054 0.05744399999999999
1 0.74843725 0.14186230791788856 0.03984399999999999 0.03634300000000001
1 0.7939450625 0.2813806158357771 0.11328100000000008 0.07268500000000004
1 0.7814458125 0.1849481348973607 0.042968000000000006 0.044549000000000005
1 0.8279296875 0.2233449618768328 0.1312500000000001 0.05510000000000002
1 0.844921625 0.235949788856305 0.11484399999999995 0.06330599999999999
1 0.8416018125 0.20018192961876835 0.10390600000000005 0.02344699999999998
1 0.829297125 0.13424385923753665 0.035937 0.04337700000000001
1 0.9119143125 0.18553258357771263 0.025781000000000054 0.04103199999999998
