0 0.0478515625 0.7648440833333333 0.096094 0.19166599999999998
0 0.0267580625 0.9002604166666668 0.050781 0.10833299999999986
0 0.0158203125 0.6020836666666667 0.025781000000000002 0.08541599999999994
0 0.0361330625 0.6125003333333333 0.019531 0.07500000000000002
0 0.1166015625 0.935417 0.128906 0.126041
0 0.13574193750000002 0.548958 0.07812499999999999 0.21875
0 0.172265375 0.8692711666666666 0.136719 0.2572910000000001
0 0.212890375 0.5497395833333334 0.044532000000000016 0.20833299999999996
0 0.2611325625 0.8502604166666666 0.09765600000000002 0.13854200000000003
0 0.2611323125 0.9536458333333334 0.088282 0.0895829999999999
0 0.28515575 0.5312503333333334 0.054688000000000014 0.16874999999999987
0 0.312890125 0.826042 0.06718799999999997 0.15833299999999997
0 0.3904291875 0.8893229166666666 0.209376 0.217708
0 0.352734375 0.5411458333333333 0.042969000000000035 0.1822919999999999
0 0.4119135625 0.810417 0.09609400000000001 0.25
0 0.38984425 0.5380205 0.03984300000000002 0.140625
0 0.419531 0.5338538333333332 0.03281300000000004 0.15104200000000004
0 0.460547125 0.5341149166666667 0.036719 0.15416600000000003
0 0.4935541875 0.8390621666666668 0.08437499999999998 0.13020899999999994
0 0.5001958125 0.53307325 0.04140599999999994 0.13333299999999992
0 0.6322265625 0.85546875 0.09765600000000008 0.11770800000000008
0 0.6474609375 0.5898434166666666 0.014843999999999968 0.0760420000000001
0 0.792188 0.8848961666666666 0.15625 0.22604100000000008
0 0.786327875 0.5122395833333333 0.027344000000000035 0.08124999999999998
0 0.808203125 0.5302083333333334 0.06796899999999995 0.19999999999999987
0 0.868359375 0.8562499999999998 0.138281 0.2833330000000001
0 0.9333979375 0.8924475833333334 0.10781300000000005 0.2072919999999998
