0 0.4890234375 0.32978936842105266 0.06062500000000004 0.15824899999999995
0 0.4873046875 0.6907851578947368 0.975625 0.612795
0 0.204921875 0.3646201052631579 0.06 0.17676699999999992
0 0.27984375 0.3697680526315789 0.05499999999999999 0.13804700000000003
0 0.4053125 0.3403156842105263 0.04874999999999996 0.180134
0 0.6363671875 0.3329432105263158 0.053749999999999964 0.148148
0 0.701953125 0.3287255789473684 0.036250000000000004 0.10942799999999996
0 0.7586328125 0.31399989473684214 0.04125000000000001 0.13131300000000004
0 0.8324609375 0.31399989473684214 0.04499999999999993 0.13131300000000004
0 0.9553515625 0.15428005263157896 0.06500000000000006 0.141414
0 0.981328125 0.04473684210526316 0.03562500000000002 0.092593
