0 0.01953125 0.5203128333333333 0.039844 0.30833300000000013
0 0.0224609375 0.2903649166666667 0.045313 0.154166
0 0.4736328125 0.2651041666666667 0.947656 0.2562499999999999
0 0.0361333125 0.4388020833333333 0.025781 0.12812500000000004
0 0.09863306250000001 0.40885450000000007 0.08046799999999998 0.26562500000000006
0 0.4060544375 0.2872395833333334 0.061719000000000024 0.14583299999999996
0 0.4501950625 0.3002600833333333 0.050780999999999965 0.12812499999999996
0 0.564844 0.30937533333333334 0.03281199999999995 0.10520799999999997
0 0.58671825 0.29999966666666666 0.03906299999999996 0.116667
0 0.6439453125 0.33203125 0.057031000000000054 0.164583
0 0.68359325 0.32421875 0.03906299999999996 0.180208
0 0.834765375 0.3216145833333333 0.07421899999999992 0.17499999999999996
