0 0.4279301875 0.20390624999999998 0.11562499999999998 0.320833
0 0.0328125 0.26354133333333335 0.046875 0.19791699999999998
0 0.0656255 0.29661458333333335 0.048436999999999994 0.14583300000000002
0 0.1513671875 0.55807325 0.20937499999999998 0.6979159999999999
0 0.0716796875 0.2153645833333333 0.0375 0.08125
0 0.1062505 0.2963541666666667 0.078125 0.13124999999999995
0 0.3048823125 0.5997395833333333 0.401563 0.7374999999999999
0 0.147265625 0.20130241666666668 0.05156300000000001 0.10833299999999997
0 0.1841796875 0.18541633333333332 0.037500000000000006 0.04374999999999999
0 0.32578175 0.24713575 0.24375 0.4000000000000001
0 0.5437495 0.23776008333333332 0.11093799999999998 0.285417
0 0.6375 0.3497395833333334 0.1890630000000001 0.23749999999999996
0 0.7046875 0.20442741666666667 0.046875 0.139583
0 0.878515625 0.5593753333333333 0.23906300000000003 0.7000000000000002
0 0.8123041875 0.2747399166666667 0.05312600000000001 0.216666
0 0.870313 0.16979200000000003 0.06406199999999995 0.09375000000000001
0 0.9443359375 0.22369825 0.10781300000000005 0.22916600000000006
