0 0.1141015625 0.6523749399707174 0.0975 0.430582
0 0.12875 0.6839281669106881 0.125625 0.41557199999999994
0 0.20328125 0.7268084919472914 0.134375 0.37711000000000017
0 0.1613671875 0.46560683455344076 0.021874999999999978 0.06566599999999999
0 0.1793359375 0.47420725183016105 0.04625000000000001 0.097561
0 0.2015234375 0.4934252825768668 0.06125 0.12288899999999997
0 0.2541015625 0.7298941669106882 0.15875 0.41557199999999994
0 0.2565625 0.4903568286969254 0.07812500000000003 0.1575979999999999
0 0.320546875 0.7512426515373354 0.184375 0.402439
0 0.313359375 0.5208318594436311 0.07437500000000002 0.1810499999999999
0 0.381015625 0.751837878477306 0.20875 0.38649199999999995
0 0.35296875 0.4989313074670571 0.14875 0.23452199999999995
0 0.4675390625 0.7444912957540263 0.20625000000000004 0.4183870000000001
0 0.4442578125 0.4644326017569546 0.073125 0.174484
0 0.4991015625 0.5035080497803807 0.15875 0.22889300000000012
0 0.614921875 0.7523640073206441 0.21562500000000007 0.388368
0 0.5753515625 0.5053398901903366 0.09625000000000006 0.20262700000000003
0 0.5824609375 0.5218399575402635 0.10749999999999993 0.160412
0 0.67625 0.7298941669106882 0.188125 0.41557199999999994
0 0.659140625 0.51163521522694 0.05125000000000002 0.16510299999999994
0 0.73140625 0.705731682284041 0.16499999999999992 0.42682999999999993
0 0.6976953125 0.4869466017569546 0.0568749999999999 0.17542199999999997
0 0.7280859375 0.4976592518301611 0.04625000000000001 0.09756099999999991
0 0.7757421875 0.7129650073206443 0.11562499999999998 0.3883679999999999
0 0.76625 0.47082296339677887 0.03187499999999999 0.06941900000000002
0 0.7980078125 0.68621603806735 0.073125 0.41181999999999996
0 0.8226953125 0.6726711669106882 0.0881249999999999 0.41557199999999994
