0 0.173828125 0.8043202359550561 0.348125 0.384892
0 0.183828125 0.5406597078651685 0.3175 0.6492800000000001
0 0.3986328125 0.5418926741573034 0.073125 0.667266
0 0.439296875 0.5368195505617978 0.09125 0.7302160000000001
0 0.5231640625 0.5420944719101124 0.08187499999999992 0.7661870000000001
0 0.5516796875 0.8286113258426967 0.10000000000000009 0.33812899999999996
0 0.5791015625 0.5224113707865169 0.09750000000000003 0.8147479999999999
0 0.655 0.5469244382022472 0.09375 0.784172
0 0.75484375 0.5332023707865169 0.08749999999999991 0.814748
0 0.8478125 0.46869652808988765 0.10999999999999999 0.737411
0 0.95125 0.4141946741573034 0.09499999999999997 0.667266
