0 0.01171875 0.48834834992679355 0.025 0.07692400000000006
0 0.029140625 0.43336134407027815 0.051250000000000004 0.16885599999999998
0 0.02703125 0.5683580248901903 0.040625 0.11538500000000007
0 0.0682421875 0.5623171537335285 0.05375 0.11726100000000002
0 0.06 0.41721176720351394 0.031875 0.10975600000000003
0 0.0629296875 0.4948010922401171 0.03875000000000001 0.07129500000000007
0 0.0675 0.57570460761347 0.03125000000000001 0.08442800000000003
0 0.0948046875 0.4040787672035139 0.037500000000000006 0.10975599999999999
0 0.1033203125 0.5021217364568081 0.026874999999999996 0.08630399999999998
0 0.1200390625 0.5963867672035139 0.05 0.10975600000000008
0 0.123828125 0.4138716383601757 0.036875000000000005 0.10787999999999996
0 0.133984375 0.4886911229868228 0.04312500000000001 0.09474600000000002
0 0.1346484375 0.5160794787701317 0.030625000000000013 0.08067500000000007
0 0.154453125 0.4109433806734993 0.03687499999999999 0.10225200000000002
0 0.1760546875 0.5006316691068814 0.03812499999999999 0.13133200000000006
0 0.249921875 0.6204704363103952 0.1525 0.23827400000000004
0 0.591875 0.45239501903367496 0.81375 0.20731700000000008
0 0.2116796875 0.567165571010249 0.03812500000000002 0.15009399999999992
0 0.2423046875 0.5528670556368961 0.03875000000000001 0.13883600000000001
0 0.2793359375 0.5587235710102489 0.044999999999999984 0.15196999999999997
0 0.348125 0.5568465710102489 0.03249999999999997 0.150094
0 0.3965234375 0.6096253074670571 0.12312499999999998 0.23452199999999995
0 0.38453125 0.5386376383601756 0.03937499999999999 0.10788000000000005
0 0.384921875 0.49356547877013174 0.028124999999999956 0.08067500000000007
0 0.41625 0.48834834992679355 0.033125000000000016 0.07880000000000001
0 0.4653125 0.5546287979502196 0.046875 0.13227000000000003
0 0.5303515624999999 0.5707082767203514 0.06624999999999998 0.21106899999999998
0 0.578125 0.598552663250366 0.09499999999999997 0.222326
0 0.686875 0.5819652767203514 0.09375 0.21200700000000003
0 0.6617578125 0.5376295402635431 0.04249999999999998 0.12664100000000003
0 0.6524609375 0.5150973191800878 0.01375000000000004 0.05347099999999999
0 0.6847265625 0.5150272210834553 0.03500000000000003 0.07504700000000004
0 0.7743359375 0.5792213748169839 0.07687500000000003 0.190431
0 0.7720703125 0.48917309224011707 0.026874999999999982 0.07035600000000003
0 0.824375 0.5813949882869692 0.09437499999999999 0.18198899999999996
0 0.904140625 0.5623353748169839 0.083125 0.190431
0 0.9825 0.5275639941434846 0.03249999999999997 0.09287099999999995
