0 0.5753125 0.8061458333333333 0.10999999999999999 0.30749999999999994
0 0.21875 0.7598958333333332 0.4375 0.24666700000000005
0 0.1280859375 0.8222399166666667 0.139375 0.3425
0 0.460625 0.6895833333333332 0.03125 0.10666700000000007
0 0.45921875 0.58380175 0.02437499999999998 0.08833400000000007
0 0.4985546875 0.5942705 0.03749999999999998 0.04749999999999995
0 0.5380078125 0.5908850833333333 0.04250000000000009 0.0658340000000001
0 0.7098828125 0.7970830000000001 0.385 0.313334
0 0.76546875 0.6585416666666667 0.024374999999999925 0.053333
0 0.8650390625 0.6829166666666667 0.08125000000000004 0.14666699999999988
0 0.9465234375 0.6958854166666666 0.030000000000000027 0.10750000000000008
