1 0.0185546875 0.3031594172767203 0.03875 0.03471000000000004
1 0.0205078125 0.34113944802342605 0.04125 0.056285
1 0.0679296875 0.3104800614934114 0.06937499999999999 0.049719000000000006
1 0.0811328125 0.2857482884333821 0.042499999999999996 0.030957
1 0.0850390625 0.27201906149341143 0.05 0.04971799999999999
1 0.0921484375 0.34301544802342604 0.06125 0.05628499999999996
1 0.099375 0.24225451537335285 0.031875 0.012194999999999994
1 0.1133984375 0.2617000614934114 0.03 0.04690399999999998
1 0.14851562499999998 0.263461803806735 0.051250000000000004 0.042213999999999974
1 0.1478125 0.3073684480234261 0.04875 0.05722299999999994
1 0.1480859375 0.29542690190336746 0.04625000000000001 0.022514000000000034
1 0.170546875 0.33656270571010244 0.058750000000000024 0.06379000000000003
1 0.2256640625 0.30631619033674967 0.04999999999999996 0.051594999999999995
1 0.23625 0.3426736749633968 0.031875000000000014 0.038461000000000016
1 0.290546875 0.27073928843338213 0.02812500000000001 0.030955999999999984
1 0.2937890625 0.2971195461200586 0.018750000000000044 0.03564699999999996
1 0.338515625 0.32969809224011715 0.05249999999999999 0.07317100000000001
1 0.3422265625 0.23460931918008787 0.034999999999999976 0.05347099999999999
1 0.3562109375 0.25794806149341143 0.04562500000000003 0.048779999999999976
1 0.3555078125 0.27700767496339673 0.041874999999999996 0.04033700000000001
1 0.3760546875 0.30308931918008786 0.03875000000000001 0.054408999999999964
1 0.39140625 0.23520554612005856 0.03999999999999998 0.03658499999999998
1 0.5042187499999999 0.6148683748169839 0.2425 0.19230799999999998
1 0.4212109375 0.24710293265007324 0.04625000000000001 0.04596599999999996
1 0.4210546875 0.2855639326500732 0.03874999999999995 0.045966
1 0.4787109375 0.25003119033674964 0.044999999999999984 0.05159399999999999
1 0.6515625 0.6169027920937042 0.3925 0.22326400000000007
1 0.5018359375 0.2759995768667643 0.04500000000000004 0.05909899999999997
1 0.535390625 0.29622470571010245 0.05125000000000002 0.06379000000000003
1 0.5493359375 0.2547211903367496 0.04500000000000004 0.05065700000000002
1 0.5792578125 0.2789979326500732 0.04125000000000001 0.045966
1 0.584140625 0.31464493265007326 0.05125000000000002 0.045965999999999924
1 0.61734375 0.06811228843338214 0.05625000000000002 0.030957
1 0.618984375 0.2942354480234261 0.043749999999999956 0.05628499999999996
1 0.6217578125 0.24950506149341142 0.04250000000000009 0.04690399999999998
1 0.6415625 0.27442119033674967 0.04874999999999996 0.051594999999999995
1 0.664765625 0.3099549326500732 0.05125000000000002 0.045966
1 0.6886328125 0.24721619033674963 0.041874999999999996 0.05065699999999998
1 0.7023828125 0.2919465768667643 0.04125000000000001 0.06003799999999996
1 0.7043359375 0.2677409326500732 0.04625000000000001 0.045966
1 0.744765625 0.3051496749633968 0.05125000000000002 0.04033800000000002
1 0.772578125 0.2917190614934114 0.03687499999999999 0.04690399999999998
1 0.7817578125 0.26732806149341143 0.04125000000000001 0.049719000000000006
1 0.820390625 0.3126988345534407 0.05249999999999999 0.06472800000000001
1 0.825390625 0.27423683455344067 0.05124999999999991 0.06472800000000005
1 0.8480859375 0.2638045768667643 0.0462499999999999 0.05909900000000001
1 0.8653515625 0.2829774480234261 0.034375000000000044 0.056285999999999975
1 0.9175390625 0.2639879326500732 0.050000000000000044 0.04409000000000001
1 0.9637890625 0.27963731918008783 0.050000000000000044 0.05347100000000003
1 0.9744140625 0.3060175768667643 0.04937500000000006 0.06097599999999998
1 0.9816015625 0.25055731918008783 0.034375000000000044 0.054409000000000006
