0 0.029296875 0.44717017276720356 0.06 0.324578
0 0.109921875 0.437763234260615 0.09 0.37054400000000004
0 0.2022265625 0.4389998477306003 0.06562499999999999 0.36303900000000006
0 0.32109375 0.5434349648609077 0.21249999999999997 0.5469040000000001
0 0.2486328125 0.34127092679355786 0.04187500000000002 0.13508499999999993
0 0.31953125 0.3312505402635432 0.07187500000000002 0.12664099999999995
0 0.47296875 0.47016714202049775 0.05624999999999997 0.3011250000000001
0 0.58046875 0.46053168814055634 0.05500000000000005 0.334897
0 0.759609375 0.48018752855051244 0.07437499999999997 0.30769199999999997
0 0.8780078125 0.48206352855051243 0.07374999999999998 0.30956900000000004
0 0.94953125 0.5025441112737921 0.07062499999999994 0.276735
0 0.9773828125 0.3889555095168375 0.04249999999999998 0.10412799999999997
