0 0.015625 0.9315625 0.031667 0.11125000000000007
0 0.06598925 0.942265625 0.0725 0.11375000000000002
0 0.15234375 0.911015625 0.05666699999999999 0.05249999999999999
0 0.17583366666666667 0.94828125 0.084166 0.10187500000000005
0 0.2263545 0.957265625 0.11000000000000003 0.083125
0 0.22885416666666666 0.38875 0.06833299999999998 0.09562500000000002
0 0.3522399166666667 0.950078125 0.09333300000000004 0.09812500000000002
0 0.41703158333333334 0.385625 0.08250000000000002 0.09562500000000002
0 0.48598925 0.6096874999999999 0.19583400000000006 0.32937500000000003
0 0.4300520833333334 0.9521484375 0.06583299999999996 0.09312500000000001
0 0.4390625000000001 0.233515625 0.07916699999999999 0.05125000000000002
0 0.46703125 0.950078125 0.04083300000000004 0.09812500000000002
0 0.5194274166666667 0.217734375 0.07749999999999997 0.07499999999999998
0 0.5179684166666667 0.9503515625 0.04499999999999993 0.09687500000000004
0 0.5588024166666666 0.923671875 0.045000000000000075 0.059374999999999956
0 0.58744825 0.9521484375 0.10250000000000004 0.09312500000000001
0 0.59984375 0.9021484375 0.05499999999999994 0.06187500000000001
0 0.6205729166666666 0.227890625 0.0916670000000001 0.05124999999999996
0 0.63375 0.381875 0.06416700000000002 0.09437499999999999
0 0.7128128333333333 0.9383203125 0.05749999999999996 0.12062499999999998
0 0.8241149166666667 0.3766015625 0.06083299999999999 0.09750000000000003
