0 0.0697265625 0.669921875 0.034374999999999996 0.09062499999999996
0 0.2759770625 0.8283203125 0.237499 0.339063
0 0.3177729375 0.6416015625 0.014062999999999992 0.034375000000000044
0 0.334765625 0.64375 0.02031299999999997 0.03125
0 0.362109375 0.6845703125 0.04375000000000001 0.089063
0 0.394921375 0.6478520625 0.012500999999999984 0.049998999999999905
0 0.4000005 0.6531245 0.017187000000000008 0.046875
0 0.4326176875 0.7115234375 0.07031199999999999 0.12343799999999994
0 0.4255859375 0.641016125 0.014062999999999992 0.035937
0 0.4359375 0.6458984375 0.015625 0.02968700000000002
0 0.472266125 0.690625 0.035937 0.09375
0 0.521484375 0.6396484375 0.012499999999999956 0.029688000000000048
0 0.6171875 0.6400390625 0.015625 0.018750000000000044
0 0.6251958125 0.6451171875 0.010936999999999975 0.021874999999999978
0 0.6423828125 0.6404291875 0.010938000000000003 0.021876000000000007
0 0.6572270625 0.645312 0.018750000000000044 0.03125
0 0.6703125 0.6412104375 0.015625 0.029688000000000048
0 0.6857421875 0.66484375 0.021874999999999978 0.05625000000000002
0 0.741015125 0.6499995 0.12968800000000003 0.04843800000000009
0 0.7531255 0.6767573125 0.078125 0.026563000000000003
0 0.86484325 0.66484375 0.04062600000000005 0.025000000000000022
0 0.8673833125 0.6486328125 0.026561999999999975 0.042188
0 0.941797375 0.6369140625 0.10624999999999996 0.04999999999999993
