0 0.1578125 0.6355513206442167 0.11000000000000001 0.530957
0 0.27859375 0.6252841976573938 0.055625000000000036 0.437149
0 0.3060546875 0.6358317130307467 0.06937500000000002 0.4493430000000001
0 0.3435546875 0.628529289897511 0.09999999999999998 0.5075040000000001
0 0.4301171875 0.18594436310395315 0.14750000000000002 0.373358
0 0.4661328125 0.6410660629575402 0.10374999999999995 0.52439
0 0.5058203125 0.6351212284040996 0.08812500000000006 0.4615390000000001
0 0.5636328125 0.18448023426061494 0.10499999999999998 0.370544
0 0.577421875 0.6450465783308931 0.12187500000000007 0.536585
0 0.6313671875 0.18740849194729137 0.11624999999999996 0.377111
0 0.672109375 0.6412062591508053 0.10624999999999996 0.48499000000000003
0 0.749609375 0.19472913616398244 0.13812499999999994 0.390244
0 0.759375 0.5994128477306003 0.09499999999999997 0.36303899999999995
0 0.8297265625 0.5515179707174231 0.09625000000000006 0.45591
0 0.8925 0.191800878477306 0.12687500000000007 0.386492
0 0.9690234375 0.19472913616398244 0.06062500000000004 0.39212
