0 0.1127734375 0.4024130614934114 0.030625 0.04971800000000003
0 0.1407421875 0.3882018653001464 0.021875000000000006 0.09005600000000005
0 0.1684765625 0.39904699414348455 0.03437499999999999 0.09099400000000007
0 0.1896484375 0.39675812298682284 0.030625000000000013 0.09474700000000007
0 0.2177734375 0.3882018653001464 0.030625000000000013 0.09005600000000005
0 0.24796875 0.3831690922401171 0.024375000000000008 0.07129500000000003
0 0.4311328125 0.3192060263543192 0.323125 0.5938089999999999
0 0.6003125 0.4400780439238653 0.14125 0.32176299999999997
0 0.72984375 0.35786960322108347 0.30499999999999994 0.650094
0 0.897109375 0.3534918653001464 0.04375000000000007 0.08818100000000004
0 0.894765625 0.31276893265007316 0.020000000000000018 0.045966
0 0.9433203125 0.3550260922401171 0.057499999999999996 0.07317100000000006
