0 0.0126953125 0.9132494729136165 0.026875 0.17073199999999986
0 0.1199609375 0.8988107613469986 0.10749999999999998 0.19981199999999996
0 0.1669140625 0.7614733323572473 0.081875 0.3508439999999999
0 0.234296875 0.7989531727672036 0.060000000000000026 0.3227009999999999
0 0.25785156249999996 0.8212915344070277 0.09625000000000003 0.21669800000000006
0 0.311875 0.9213506998535871 0.09375 0.153846
0 0.31421875 0.43347560175695465 0.05499999999999999 0.17542200000000002
0 0.3320703125 0.6335515592972182 0.057499999999999996 0.33302099999999996
0 0.3655859375 0.8748056939970718 0.07687499999999997 0.2457789999999999
0 0.393359375 0.7610873997071742 0.075625 0.30581600000000003
0 0.39 0.5913203382137628 0.06374999999999997 0.257973
0 0.41125 0.35642012298682285 0.03249999999999997 0.09474699999999994
0 0.4579296875 0.5972200131771596 0.06937499999999996 0.2983119999999999
0 0.4512890625 0.46936833821376284 0.04999999999999999 0.2579739999999999
0 0.48734375 0.32148360761347 0.08749999999999997 0.08255099999999999
0 0.5025 0.38337066910688145 0.06312500000000004 0.129456
0 0.505 0.5182194363103954 0.06312499999999999 0.23733599999999996
0 0.5128125 0.7981284304538799 0.07937499999999997 0.33020700000000003
0 0.5591796875 0.5600647247437774 0.06937499999999996 0.26735500000000006
0 0.5680859375 0.36101508638360175 0.04499999999999993 0.16228899999999993
0 0.5849609375 0.6558639824304539 0.07687500000000003 0.2729830000000001
0 0.5783984375 0.7864682767203514 0.06062500000000004 0.2129450000000001
0 0.5935546875 0.4266628653001464 0.03750000000000009 0.09005600000000005
0 0.6016796875 0.34896028257686673 0.038124999999999964 0.12101299999999997
0 0.60125 0.2240800248901903 0.03312500000000007 0.11538500000000002
0 0.61296875 0.49779173060029275 0.05625000000000002 0.17823600000000006
0 0.6133203125 0.20129434992679354 0.02562500000000001 0.07879899999999998
0 0.631328125 0.3471015036603221 0.03562500000000002 0.19606
0 0.65890625 0.5792473133235724 0.03937499999999994 0.14634100000000005
0 0.6467578125 0.3127861537335285 0.011249999999999982 0.11913700000000006
0 0.812734375 0.18760056515373355 0.32437499999999997 0.24014999999999997
0 0.682734375 0.30754408638360176 0.04312499999999997 0.16322700000000004
0 0.7 0.5773972518301611 0.0631250000000001 0.09943700000000004
0 0.701640625 0.3719475344070278 0.05249999999999999 0.21951199999999998
0 0.702109375 0.20616870571010246 0.04312499999999997 0.06285199999999999
0 0.7126171875 0.2326190614934114 0.02312499999999995 0.048780999999999984
0 0.7416796875 0.4480467920937042 0.06999999999999995 0.22514100000000004
0 0.7578125 0.2926311229868228 0.046875 0.09474600000000007
0 0.7691015625 0.5078303382137628 0.06500000000000006 0.25985
0 0.7547265625 0.33825534992679357 0.03437499999999993 0.078799
0 0.77390625 0.2381078653001464 0.040000000000000036 0.09005600000000001
0 0.7882421875 0.36017312298682286 0.021874999999999978 0.09662299999999995
0 0.830234375 0.4814500805270864 0.07562500000000005 0.25422100000000003
0 0.820703125 0.4128193806734993 0.036250000000000004 0.10225199999999998
0 0.827578125 0.31420712298682285 0.03687499999999999 0.09568399999999999
0 0.854140625 0.306290251830161 0.020625000000000004 0.097561
