0 0.0396484375 0.9502604166666666 0.060625000000000005 0.07583300000000011
0 0.1021875 0.94098925 0.04812499999999999 0.07083399999999991
0 0.1716015625 0.9445312500000002 0.03375 0.03916699999999995
0 0.2315625 0.9658850833333332 0.04749999999999999 0.06583400000000017
0 0.2988671875 0.9614583333333334 0.05437500000000001 0.07416699999999994
0 0.3721875 0.9514059166666667 0.07874999999999999 0.09333400000000003
0 0.4545703125 0.96182325 0.05812499999999998 0.07250000000000008
0 0.4968359375 0.9558336666666666 0.04625000000000001 0.08500000000000012
0 0.5526953125 0.9658850833333332 0.05687500000000001 0.06583400000000017
0 0.6490625 0.9722395833333334 0.07999999999999996 0.051666999999999984
0 0.7255859375 0.9658850833333332 0.07625000000000004 0.06583400000000017
0 0.7766015625 0.9514059166666667 0.06562500000000004 0.09333400000000003
0 0.85421875 0.9302083333333334 0.055624999999999925 0.13666699999999996
0 0.88140625 0.9486461666666667 0.07125000000000004 0.10000000000000009
