0 0.565859375 0.5239672369477911 0.23062500000000002 0.655527
0 0.0537109375 0.6291179116465863 0.1075 0.739075
0 0.05 0.38390063855421686 0.063125 0.20822600000000002
0 0.13874999999999998 0.35152928514056225 0.06375000000000001 0.16323900000000002
0 0.198125 0.5109641445783133 0.12687500000000002 0.51928
0 0.343359375 0.49979904819277104 0.13687499999999997 0.508997
0 0.47140625 0.34397734939759034 0.07187500000000002 0.17223700000000003
0 0.7201171875 0.55321559437751 0.17812499999999998 0.577121
0 0.7128125 0.24411776706827307 0.14250000000000007 0.22108
0 0.9244140625 0.3611510843373494 0.14312499999999995 0.38689000000000007
