0 0.47265625 0.663999375 0.946657 0.1697970000000001
0 0.0364336875 0.4450008125 0.06837 0.04132199999999997
0 0.0274204375 0.76708925 0.030803999999999998 0.03906900000000002
0 0.119906375 0.8098375625 0.04432799999999999 0.06536399999999998
0 0.1636285 0.4682155 0.109692 0.04808499999999999
0 0.1519891875 0.7637094375 0.022539999999999977 0.02930100000000002
0 0.1876020625 0.7584504375 0.018782999999999994 0.02930100000000002
0 0.214871875 0.8023231875 0.06010500000000002 0.08564899999999998
0 0.232451375 0.9569439375 0.07438000000000003 0.07738500000000004
0 0.2260683125 0.7555946875 0.025544999999999984 0.03756599999999999
0 0.2638585 0.7498845625 0.048084000000000016 0.03456099999999995
0 0.41261575 0.512694125 0.08715200000000001 0.036063999999999985
0 0.4350849375 0.7377143125 0.015027000000000013 0.027047000000000043
0 0.5039748749999999 0.527721125 0.09090899999999996 0.036062999999999956
0 0.60074975 0.75567 0.024042000000000008 0.032307000000000086
0 0.7539438125 0.74755525 0.010518000000000027 0.03906799999999999
0 0.933428375 0.797891875 0.07438 0.05860299999999996
0 0.93057675 0.753416 0.024042000000000008 0.03305800000000003
