0 0.158984375 0.43505208333333334 0.011874999999999997 0.06666699999999996
0 0.2115625 0.49838575 0.016875 0.025832999999999922
0 0.24640625 0.5090104166666666 0.00874999999999998 0.01333300000000004
0 0.2721875 0.4924475833333333 0.015625 0.019166999999999934
0 0.376171875 0.5160940833333334 0.027500000000000024 0.03416599999999992
0 0.415234375 0.5239065833333334 0.04375000000000001 0.0499999999999999
0 0.45421875 0.57651075 0.025000000000000022 0.05666599999999996
0 0.4653515625 0.6673961666666667 0.03500000000000003 0.03666599999999994
0 0.4786328125 0.7228645833333333 0.04125000000000001 0.080833
0 0.496875 0.4950003333333333 0.03250000000000003 0.04333299999999992
0 0.5023046875 0.6798961666666666 0.03874999999999995 0.03749999999999994
0 0.5204296875000001 0.7767708333333334 0.07 0.08916699999999993
0 0.5243359375 0.52588575 0.014375000000000027 0.025832999999999995
0 0.5644921875 0.5273434166666666 0.023125000000000062 0.01500000000000005
0 0.5929296875 0.5105725833333333 0.03875000000000006 0.05166699999999991
0 0.61578125 0.6920315833333334 0.07125000000000004 0.08083300000000009
0 0.6165234375 0.58369825 0.06062499999999993 0.041665999999999905
0 0.6373828125 0.83776075 0.0737500000000001 0.11750000000000001
0 0.6446484375 0.53921875 0.02937500000000004 0.025832999999999995
0 0.705703125 0.6680211666666667 0.06687500000000002 0.06916600000000006
0 0.79453125 0.58828125 0.22749999999999992 0.1016670000000001
0 0.7285546875 0.5201559166666666 0.03750000000000009 0.029167000000000016
0 0.9087890625 0.72328125 0.14374999999999993 0.22750000000000004
