0 0.193671875 0.5882822941176471 0.15250000000000002 0.7288139999999999
0 0.1116796875 0.7359008235294118 0.03749999999999999 0.14689199999999997
0 0.213515625 0.7789824705882354 0.05125000000000002 0.1346519999999999
0 0.2619921875 0.7970419411764705 0.05374999999999999 0.16760899999999995
0 0.3130859375 0.8131138235294119 0.04624999999999996 0.14500899999999997
0 0.349453125 0.8187628235294119 0.03687500000000005 0.14689299999999986
0 0.6991015625 0.6030520588235294 0.34625000000000006 0.735405
0 0.5851171875 0.534457705882353 0.053750000000000075 0.126177
0 0.763984375 0.8276396470588234 0.043749999999999956 0.18926500000000007
0 0.8016796875 0.8258089411764705 0.07000000000000006 0.21563100000000007
