0 0.726171375 0.7117187499999998 0.044532000000000016 0.148958
0 0.498046875 0.29765591666666663 0.996875 0.09166700000000001
0 0.4990234375 0.048177083333333336 0.999219 0.096875
0 0.4990234375 0.16848958333333333 0.999219 0.11458299999999999
0 0.4990234375 0.44999966666666663 0.999219 0.1781250000000001
0 0.0271479375 0.5468753333333334 0.015624999999999997 0.04374999999999988
0 0.2486330625 0.5554690833333332 0.01874999999999999 0.036458000000000025
0 0.256640875 0.6098958333333334 0.02812500000000001 0.057291999999999975
0 0.3259763125 0.6093746666666666 0.025782000000000027 0.054167
0 0.3845700625 0.560417 0.01953100000000002 0.03333299999999998
0 0.4322263125 0.632292 0.026563000000000003 0.0625
0 0.4333986875 0.557292 0.007811999999999986 0.03333299999999991
0 0.5310544375 0.5632815833333332 0.029687999999999937 0.018750000000000117
0 0.5562495 0.557292 0.015625 0.03333299999999991
0 0.610546875 0.6593753333333333 0.028905999999999987 0.07500000000000002
0 0.639844 0.56432325 0.03125 0.04166600000000006
0 0.7056643125 0.6593753333333333 0.026562000000000086 0.07500000000000002
0 0.7869143125 0.679167 0.027343000000000006 0.09375
0 0.7876953125 0.6466149166666666 0.026561999999999975 0.060416000000000025
0 0.8210935 0.56380175 0.01640599999999992 0.055209000000000064
0 0.88984375 0.6075520833333333 0.02343799999999996 0.06562500000000004
0 0.9556640625 0.5669274166666667 0.018749999999999933 0.045832999999999936
