0 0.0517578125 0.6890509562043796 0.103516 0.44087599999999993
0 0.0693359375 0.4905110072992701 0.138672 0.26131399999999994
0 0.077148125 0.39270040875912404 0.067383 0.151825
0 0.13671875 0.40729880291970805 0.08691399999999999 0.18540199999999996
0 0.16113293750000002 0.32846744525547444 0.10937499999999999 0.25255399999999995
0 0.38183612499999997 0.6978100729927008 0.34960900000000006 0.6
0 0.37499975 0.3109491751824818 0.08593799999999996 0.23941599999999993
0 0.434570625 0.25255511678832115 0.083007 0.159124
0 0.501952875 0.2948901386861314 0.08984399999999998 0.137227
0 0.5312505000000001 0.26715363503649636 0.08007800000000004 0.20875899999999997
0 0.70703175 0.5912407299270074 0.36914 0.7883209999999999
0 0.6601560625 0.4437959781021898 0.206055 0.42189699999999997
0 0.720703375 0.19854026277372264 0.10644500000000001 0.157664
0 0.771484 0.1255471605839416 0.0625 0.119708
0 0.88183625 0.36934327007299267 0.19628900000000005 0.416058
0 0.856445 0.17664248905109486 0.125977 0.21167900000000003
0 0.9267580625 0.21751844525547445 0.14355399999999996 0.25255500000000003
