0 0.4990234375 0.29147821739130436 0.999375 0.141132
0 0.4990234375 0.4903352463768116 0.999375 0.17177399999999995
0 0.0903125 0.631993231884058 0.016875 0.055709999999999954
0 0.170234375 0.5656170289855073 0.011874999999999997 0.03249800000000004
0 0.21828125 0.5848208550724637 0.009374999999999994 0.04178300000000006
0 0.2911328125 0.5471595797101448 0.010624999999999996 0.039926000000000024
0 0.312734375 0.6397154057971015 0.012500000000000011 0.04735400000000001
0 0.3230078125 0.5461180289855072 0.010624999999999996 0.034355
0 0.3525390625 0.6117478550724638 0.018125000000000002 0.04178200000000003
0 0.3555078125 0.5590044782608696 0.009999999999999953 0.028783999999999886
0 0.3804296875 0.5656170289855073 0.006249999999999978 0.03249800000000004
0 0.39390625 0.581514579710145 0.009374999999999967 0.039926000000000024
0 0.4142578125 0.8640265652173913 0.04125000000000001 0.12349100000000003
0 0.41578125 0.5907995797101449 0.008750000000000036 0.03806900000000007
0 0.41578125 0.6317671304347826 0.008750000000000036 0.04456799999999989
0 0.43015625 0.6276454057971015 0.00874999999999998 0.04828199999999997
0 0.4323828125 0.5569658550724638 0.010000000000000009 0.0417829999999999
0 0.4655078125 0.5643938550724638 0.011249999999999982 0.04178300000000006
0 0.4987890625 0.6146464057971015 0.018125000000000058 0.04735400000000001
0 0.5391796875 0.5693310289855072 0.006249999999999978 0.034355
0 0.745859375 0.628279231884058 0.012499999999999956 0.0575669999999999
0 0.7605859375 0.5710064057971015 0.014374999999999916 0.04735400000000009
0 0.8015625 0.5643938550724638 0.015625 0.04178300000000006
0 0.815234375 0.5993826811594202 0.012500000000000067 0.05106700000000013
