0 0.89984375 0.29750206432748544 0.1499999999999999 0.234798
0 0.0849609375 0.3556228538011696 0.17 0.28812
0 0.3408203125 0.6420381461988304 0.6825 0.7137519999999999
0 0.08277343749999999 0.1943496725146199 0.061250000000000006 0.08419100000000003
0 0.220234375 0.2968629122807018 0.10624999999999998 0.27221700000000004
0 0.2813671875 0.24879616959064327 0.08437499999999998 0.2076709999999999
0 0.310390625 0.3219971228070176 0.11375000000000002 0.22076700000000005
0 0.4887109375 0.46037064912280706 0.20249999999999996 0.5902709999999999
0 0.4493359375 0.16718202923976608 0.10750000000000004 0.24508900000000003
0 0.681796875 0.2782660760233918 0.15375000000000005 0.23199199999999998
