0 0.3101340625 0.23007944640234948 0.14435699999999999 0.25
0 0.0458984375 0.9018744419970632 0.091864 0.19078899999999988
0 0.1430114375 0.027900146842878122 0.091863 0.056579
0 0.337419125 0.7426055829662261 0.129484 0.1631579999999999
0 0.3364239375 0.6301895785609397 0.07699 0.10263200000000013
0 0.451784125 0.8721844464023496 0.19335000000000002 0.2513159999999999
0 0.4467 0.041116005873715125 0.09536300000000003 0.082895
0 0.5028560625 0.6864270102790014 0.08049 0.14605200000000007
0 0.740066625 0.8346371615271659 0.30183800000000005 0.2631580000000001
0 0.698341875 0.7587004405286343 0.12161 0.16973699999999997
0 0.70882225 0.6604525785609399 0.07174100000000005 0.09999999999999995
0 0.7209071875 0.03671071953010279 0.0857389999999999 0.076316
0 0.8441870625 0.055800293685756244 0.05074299999999998 0.114474
0 0.907644 0.7448950146842878 0.125985 0.20789500000000002
0 0.9458958125 0.8554431629955949 0.10498700000000005 0.2842099999999999
0 0.9633136875 0.4695534464023495 0.06999100000000003 0.24999999999999994
0 0.9721241875 0.2749477268722467 0.05336800000000008 0.17631599999999997
