1 0.933671875 0.7581085213549337 0.12124999999999997 0.19905700000000004
1 0.0354296875 0.6684328188512518 0.03875 0.05188699999999998
1 0.038828125000000005 0.1766928026509573 0.035625000000000004 0.038679000000000026
1 0.101171875 0.16620029455081 0.02812500000000001 0.03301899999999999
1 0.136171875 0.6862423107511046 0.06 0.04433999999999989
1 0.13671875 0.1847018350515464 0.056249999999999994 0.06415100000000003
1 0.2496484375 0.6902463269513991 0.06062500000000004 0.05660399999999994
1 0.252578125 0.18930332695139912 0.03562500000000002 0.05660400000000002
1 0.423671875 0.7093921296023564 0.15250000000000002 0.095283
1 0.417421875 0.20785165390279822 0.12125000000000002 0.11226400000000002
1 0.546953125 0.6866565567010309 0.036250000000000004 0.04245299999999998
1 0.5498828125 0.1848850648011782 0.04125000000000001 0.04905600000000003
1 0.6069921875 0.6873695405007363 0.023125000000000062 0.0320750000000001
1 0.609765625 0.17457578645066274 0.020625000000000004 0.029245000000000018
1 0.6375 0.18930332695139912 0.06437500000000007 0.05660400000000002
1 0.645625 0.6963205729013254 0.0625 0.054716999999999946
1 0.7646875 0.1966670972017673 0.04875000000000007 0.073585
1 0.76703125 0.7065153431516936 0.03937499999999994 0.06886700000000001
