1 0.35046875 0.7412496666666666 0.14937499999999998 0.14666700000000002
1 0.1295703125 0.64703125 0.02562499999999998 0.040000000000000036
1 0.1526953125 0.6583333333333333 0.026874999999999982 0.041666999999999975
1 0.1912890625 0.6855211666666667 0.019375000000000003 0.06916599999999999
1 0.24109375 0.67828125 0.08750000000000002 0.1016670000000001
1 0.2707421875 0.7158336666666667 0.05312499999999998 0.08583300000000005
1 0.41796875 0.66786425 0.05562499999999998 0.03916699999999995
1 0.4775 0.6674479166666666 0.09562500000000002 0.062499999999999924
1 0.55359375 0.6832809166666668 0.08687500000000004 0.05999999999999991
1 0.7746875 0.7247399166666666 0.171875 0.09333300000000004
