0 0.2903125 0.6823226023391813 0.04750000000000004 0.10215500000000004
0 0.049765625 0.07763654385964912 0.0525 0.11527599999999999
0 0.138125 0.08584659064327485 0.0325 0.103092
0 0.170078125 0.08805752046783626 0.03687499999999999 0.11996299999999999
0 0.25234375 0.3722946608187135 0.024375000000000008 0.08716000000000003
0 0.25875000000000004 0.4489957894736842 0.03312499999999999 0.053420999999999996
0 0.424296875 0.08771929824561403 0.30999999999999994 0.176195
0 0.4121875 0.2367378830409357 0.01687500000000003 0.030927999999999962
0 0.4544140625 0.2524446374269006 0.04999999999999999 0.09184599999999997
0 0.4889453125 0.6681908128654971 0.025624999999999953 0.04685999999999998
0 0.5390625 0.28944583625730996 0.016874999999999973 0.042175000000000004
0 0.57921875 0.5690325789473684 0.05625000000000002 0.10590500000000004
0 0.57 0.29068257894736843 0.03125 0.10590399999999998
0 0.6808984375 0.2806726140350877 0.030625000000000013 0.09747000000000003
0 0.7905078125 0.3860895204678363 0.041874999999999996 0.12089999999999998
0 0.9390625 0.31505087134502924 0.015625 0.034677000000000034
0 0.950625 0.35414943859649123 0.03312499999999996 0.140581
0 0.9875390625 0.3104768479532164 0.01937500000000003 0.038426000000000016
