0 0.1820703125 0.558172289897511 0.15125 0.5093809999999999
0 0.256484375 0.2759035402635432 0.044375 0.12851700000000002
0 0.2896875 0.4908665226939971 0.11125000000000002 0.39962500000000006
0 0.303984375 0.31184815373352853 0.04437500000000005 0.11913699999999998
0 0.3543359375 0.3446110556368961 0.04500000000000004 0.13883699999999996
0 0.379453125 0.19307986530014645 0.03687499999999999 0.090056
0 0.3932421875 0.34314692679355785 0.05375000000000002 0.13508499999999998
0 0.397265625 0.27018622108345536 0.02124999999999999 0.075047
0 0.4139453125 0.1912038653001464 0.02562500000000001 0.08818
0 0.5009765625 0.5856402474377745 0.16000000000000003 0.6669799999999999
0 0.44390625 0.3442692825768668 0.03999999999999998 0.12101300000000001
0 0.4516796875 0.07027818448023426 0.03750000000000003 0.141651
0 0.4564453125 0.2357057364568082 0.02562500000000001 0.08630400000000002
0 0.4728515625 0.30246715373352856 0.03375 0.11913699999999998
0 0.5228515625 0.20204799414348465 0.03500000000000003 0.09287100000000002
0 0.589453125 0.23181354026354317 0.03562500000000002 0.12851700000000002
0 0.6227734375 0.3302424421669107 0.06125000000000003 0.14821700000000002
0 0.6721875 0.372894251830161 0.04874999999999996 0.099437
0 0.6937890625 0.33045273645680817 0.04999999999999993 0.08630300000000002
0 0.70671875 0.03209657686676427 0.05500000000000005 0.060038
0 0.8448828125 0.22634295754026354 0.229375 0.15947400000000006
0 0.7906640625 0.36534509224011713 0.050000000000000044 0.07129500000000003
0 0.7943359375 0.08853999414348462 0.04562500000000003 0.09099399999999998
0 0.8537890625 0.36557360761346996 0.08062500000000006 0.08255100000000007
0 0.83234375 0.30557976720351393 0.023749999999999938 0.10975599999999999
0 0.91515625 0.2913426325036603 0.040000000000000036 0.19793599999999997
0 0.958359375 0.3077015036603221 0.043749999999999956 0.194184
