1 0.4948046875 0.5378645833333333 0.8187500000000001 0.5824999999999999
1 0.37765625 0.27229166666666665 0.13437499999999997 0.11499999999999999
1 0.4916015625 0.31729199999999996 0.34625000000000006 0.15833300000000006
1 0.358046875 0.22000033333333335 0.027500000000000024 0.04416599999999996
1 0.417890625 0.22463541666666667 0.05124999999999996 0.044999999999999964
1 0.4141015625 0.20234341666666666 0.034999999999999976 0.013333999999999993
1 0.4501953125 0.19765591666666668 0.05687500000000001 0.03083399999999999
1 0.495078125 0.2151045 0.06750000000000006 0.048332999999999994
1 0.584140625 0.22276008333333333 0.083125 0.03416699999999998
1 0.6501171875 0.21697883333333334 0.053749999999999964 0.05916699999999997
1 0.7383203125 0.2123961666666667 0.05687500000000001 0.03749999999999998
1 0.8020703125 0.22947883333333333 0.12 0.058334
1 0.7905859375 0.20588575 0.04500000000000004 0.025832999999999995
1 0.8808203125 0.24442741666666667 0.12 0.07583299999999997
1 0.8898046875 0.20755175 0.03875000000000006 0.025833999999999985
1 0.938671875 0.26744758333333335 0.12124999999999997 0.14416700000000002
1 0.9755859375 0.584792 0.04625000000000001 0.2825
