0 0.702708 0.684296875 0.0949999999999999 0.18374999999999997
0 0.057812833333333334 0.6284375 0.057499999999999996 0.11125000000000007
0 0.11046841666666667 0.621640625 0.04583400000000001 0.114375
0 0.19796875 0.6499609375 0.088333 0.17062500000000003
0 0.3085934166666667 0.67515625 0.07750000000000001 0.19625000000000004
0 0.4034899166666666 0.615703125 0.030000000000000027 0.06687500000000002
0 0.45083333333333336 0.6315625 0.041666999999999975 0.07874999999999999
0 0.51765625 0.6608203125 0.070833 0.150625
0 0.5885416666666666 0.6354296875 0.05249999999999999 0.10125000000000006
0 0.8748961666666667 0.6371484375 0.03833300000000003 0.09187499999999993
