0 0.5001171875 0.4727132561863173 0.14812499999999995 0.471136
0 0.161953125 0.36039632605531297 0.06812499999999999 0.23463699999999998
0 0.61078125 0.37269974672489087 0.039999999999999925 0.10521399999999999
0 0.6166796875 0.2840621018922853 0.038124999999999964 0.07448800000000001
0 0.640625 0.37165053857350805 0.03312499999999996 0.10148999999999998
0 0.66734375 0.3664709344978166 0.024375000000000036 0.097765
0 0.683359375 0.2333239344978166 0.043749999999999956 0.096834
0 0.7035546875 0.37357797525473074 0.03749999999999998 0.12569799999999995
0 0.7083203125 0.2844684978165939 0.026874999999999982 0.07076400000000005
0 0.72875 0.36152674672489077 0.03187499999999999 0.10707600000000006
0 0.765703125 0.3654871630276565 0.03562499999999991 0.118249
0 0.8021875 0.3635597263464338 0.04874999999999996 0.09217900000000001
0 0.83125 0.27085612227074235 0.03187499999999999 0.08938600000000002
0 0.8359765625 0.362510518195051 0.03500000000000003 0.08659199999999997
0 0.8628515625 0.3543131630276565 0.03500000000000003 0.11825000000000001
0 0.8679296875 0.2785532037845706 0.038124999999999964 0.14711299999999997
0 0.9180078125 0.34994635080058223 0.04125000000000001 0.108939
0 0.9170703125 0.2594467059679767 0.026874999999999982 0.07635100000000004
0 0.946328125 0.34744253857350804 0.03687499999999999 0.10055799999999997
0 0.9567578125 0.26340712227074237 0.04125000000000001 0.08752400000000003
0 0.9731640625 0.3635597263464338 0.05062500000000003 0.09217900000000001
