0 0.0970703125 0.36730751162790704 0.1825 0.37478100000000003
0 0.0458984375 0.015047879616963064 0.091875 0.032399
0 0.4614453125 0.12794027770177838 0.21375 0.18301200000000004
0 0.46125 0.36905851162790704 0.18812500000000004 0.37215400000000004
0 0.5581640625 0.02051983584131327 0.17562499999999998 0.041156
0 0.621875 0.4596313474692202 0.28187500000000004 0.4133100000000001
0 0.8860546875 0.463183073871409 0.22562499999999996 0.483362
0 0.854921875 0.025991792065663474 0.15374999999999994 0.05253900000000001
0 0.861328125 0.12448700410396717 0.16125 0.249562
0 0.9773828125 0.12427222298221614 0.04249999999999998 0.195272
