0 0.001953125 0.4268902594752187 0.005 0.02985099999999997
0 0.01171875 0.5229811049562683 0.02375 0.17164200000000002
0 0.03890625 0.642965749271137 0.07125 0.15298500000000004
0 0.044296875 0.3722098454810495 0.06 0.14179100000000003
0 0.0341015625 0.46869650437317784 0.034999999999999996 0.09141799999999997
0 0.0684375 0.4882891195335277 0.04875 0.13806
0 0.09226562499999999 0.6742201720116617 0.08375000000000002 0.22388000000000008
0 0.086640625 0.3357666967930029 0.052500000000000005 0.06903000000000004
0 0.155390625 0.7363688163265306 0.11499999999999999 0.20522400000000007
0 0.1462109375 0.3212489708454811 0.04500000000000001 0.06529899999999998
0 0.150390625 0.4305074227405247 0.05249999999999999 0.07276200000000002
0 0.1559375 0.5907810524781341 0.04874999999999999 0.08582099999999997
0 0.2227734375 0.8502948833819242 0.12374999999999997 0.25932799999999995
0 0.1931640625 0.41873177842565595 0.04999999999999999 0.08768699999999999
0 0.197734375 0.31127879300291544 0.04375000000000001 0.05783600000000001
0 0.21 0.6030255043731778 0.06375 0.09328300000000002
0 0.245234375 0.4010646967930029 0.04375000000000001 0.06903
0 0.25871093749999996 0.3123282448979592 0.04500000000000001 0.061567999999999956
0 0.2941015625 0.3950604227405247 0.03375 0.07276100000000002
0 0.3530078125 0.38736351895043725 0.04249999999999998 0.059701000000000025
0 0.456171875 0.30842910495626824 0.028749999999999998 0.16977599999999998
0 0.48453125 0.37640342274052485 0.03999999999999998 0.07276100000000002
0 0.4891015625 0.27391148979591834 0.03375 0.12500000000000003
0 0.5234375 0.4025881865889213 0.04749999999999999 0.19216399999999997
0 0.5364453125 0.2710503411078717 0.026249999999999996 0.05223800000000006
0 0.5548828125 0.31500979300291543 0.010000000000000009 0.05783600000000001
0 0.5827734375 0.3491744373177843 0.06125000000000003 0.03917899999999994
0 0.5785546875 0.36999610495626817 0.03749999999999998 0.17164200000000002
0 0.632890625 0.43756214868804666 0.05249999999999999 0.07462699999999999
0 0.6530078125 0.3824086967930029 0.04250000000000009 0.069029
0 0.69234375 0.766622860058309 0.11749999999999994 0.10820799999999998
0 0.75015625 0.8926775422740525 0.13375000000000004 0.20895499999999997
0 0.701875 0.4535376005830904 0.03249999999999997 0.08022399999999998
0 0.753671875 0.4996574897959184 0.028750000000000053 0.12499999999999992
0 0.8090625 0.7429505043731778 0.07874999999999999 0.09328400000000006
0 0.8234765625 0.550503527696793 0.06625000000000003 0.24067199999999994
0 0.843828125 0.4178556967930029 0.036250000000000004 0.06716500000000003
0 0.8934375 0.7088463935860058 0.10999999999999999 0.13619400000000007
0 0.921171875 0.8832890087463556 0.15250000000000008 0.18097100000000005
0 0.8912109375 0.43179177842565597 0.04625000000000001 0.08955199999999995
0 0.983671875 0.8256221486880466 0.028750000000000053 0.07462699999999999
0 0.984921875 0.5892690233236151 0.02750000000000008 0.14925399999999997
