0 0.24828125 0.8211772767203513 0.101875 0.21200700000000003
0 0.09765625 0.44846816691068814 0.195625 0.41557200000000005
0 0.2763671875 0.8301376881405562 0.553125 0.33583499999999994
0 0.19718750000000002 0.525663841874085 0.20499999999999996 0.453095
0 0.4335546875 0.4606996090775988 0.19437500000000002 0.560975
0 0.8445703125 0.8351263016105417 0.308125 0.32645399999999997
0 0.8848828125 0.43860441142020495 0.22875 0.124765
0 0.8171875 0.09760515959004391 0.016875000000000084 0.02720399999999999
0 0.8626171875 0.09572915959004392 0.02312499999999995 0.02720400000000002
0 0.8937890625 0.09220467496339678 0.018124999999999947 0.03846099999999998
0 0.92734375 0.08586619033674964 0.024374999999999925 0.050655999999999986
0 0.9473828125 0.09344028843338213 0.010624999999999996 0.03095700000000002
0 0.9621875 0.09760515959004391 0.01750000000000007 0.02908
