0 0.0068359375 0.981479125884017 0.014909 0.03395100000000007
0 0.009765625 0.8308794936350778 0.021299 0.15740799999999988
0 0.4990234375 0.6917163550212164 0.998935 0.435185
0 0.0276043125 0.8301089306930693 0.02556 0.138889
0 0.06718893749999999 0.9170423479490808 0.046859000000000005 0.162037
0 0.0856429375 0.48842268882602546 0.014909999999999993 0.05246899999999997
0 0.1230975625 0.8244493479490805 0.035143999999999995 0.16358000000000003
0 0.1406671875 0.49652253323903817 0.022364999999999996 0.07716100000000005
0 0.320204 0.7727527850070722 0.03301399999999999 0.14660499999999996
0 0.4452509375 0.7915289306930693 0.046858999999999984 0.13888899999999993
0 0.4621140625 0.9497112418670438 0.050053000000000014 0.08950600000000004
0 0.490068375 0.9374919405940595 0.04366300000000001 0.12037100000000003
0 0.5174873125 0.8223929306930694 0.02662399999999998 0.14043299999999995
0 0.5260073125 0.9164069801980198 0.025559 0.041667000000000017
0 0.533020125 0.9594855332390382 0.03620900000000005 0.07716100000000013
0 0.556449125 0.9293920961810466 0.03620900000000005 0.09567900000000011
0 0.588751875 0.9086843578500707 0.028753999999999946 0.14197499999999993
0 0.608632125 0.8926066195190947 0.03620900000000005 0.18981400000000012
0 0.6275368125 0.9426372319660538 0.042597999999999914 0.10956800000000011
0 0.6394239375 0.24356698019801978 0.013843999999999967 0.04012399999999997
0 0.6530910625 0.2434384073550212 0.018104999999999927 0.04321000000000002
0 0.6692429375 0.24356698019801978 0.014909000000000061 0.04012399999999997
0 0.7095425625 0.2808602517680339 0.06496299999999999 0.06944399999999998
0 0.7065206875 0.9409646591230552 0.03833900000000001 0.11265500000000009
0 0.6939138125 0.16859384441301273 0.011714000000000002 0.02623500000000003
0 0.7052750625 0.24048098019801978 0.018103999999999898 0.040123000000000006
0 0.7054519375 0.16692227157001413 0.01490899999999995 0.029321000000000035
0 0.724709375 0.24215255304101838 0.012778999999999985 0.037037
0 0.7432640625 0.3855401060820368 0.050053000000000014 0.07561800000000005
0 0.749914625 0.32870112588401695 0.020234000000000085 0.035494
0 0.7794730625 0.16049212588401698 0.04898799999999992 0.03394999999999999
0 0.7894955 0.45318683451202263 0.015973999999999933 0.04629599999999998
0 0.8520631875 0.47569284441301274 0.02236400000000005 0.02777800000000001
0 0.874515625 0.44778627157001416 0.020233999999999974 0.029320999999999972
0 0.9716035 0.24678255304101837 0.017040000000000055 0.038580000000000045
