1 0.34765625 0.5193878702290076 0.696875 0.8144529999999999
1 0.35828125 0.2728592671755725 0.10249999999999998 0.11621099999999998
1 0.445546875 0.2513058091603053 0.09125 0.08984400000000002
1 0.551640625 0.25893939694656487 0.05125000000000002 0.104492
1 0.6196875 0.2835462900763359 0.11125000000000007 0.13867199999999996
1 0.63109375 0.22696026717557252 0.11812500000000004 0.11816399999999999
1 0.743046875 0.22909267938931296 0.09125000000000005 0.10253899999999999
1 0.799375 0.2776862900763359 0.125 0.13867200000000002
1 0.8653125 0.2239068320610687 0.07937499999999997 0.11035199999999999
1 0.9255859375 0.21194096183206104 0.07687500000000003 0.09960899999999999
1 0.9443359375 0.2502738320610687 0.10875000000000001 0.11230499999999996
