0 0.274375 0.5051038333333333 0.3125 0.21500000000000008
0 0.284453125 0.5729690833333333 0.13062500000000002 0.37916599999999995
0 0.4419140625 0.4496875 0.018125000000000002 0.11166699999999996
0 0.461171875 0.4351562500000001 0.02749999999999997 0.07083299999999992
0 0.4749609375 0.47625 0.04562499999999997 0.19000000000000003
0 0.5409765625 0.6102604166666666 0.15875 0.5766669999999999
0 0.7116015625 0.6007809166666667 0.12750000000000006 0.561667
0 0.801328125 0.51328125 0.0681250000000001 0.2274999999999999
0 0.8742578125 0.54411425 0.166875 0.22749999999999995
0 0.8256640625 0.4344270833333333 0.01937500000000003 0.03416699999999998
0 0.85828125 0.43145799999999995 0.009375000000000022 0.03250000000000005
0 0.93921875 0.6745836666666666 0.11875000000000002 0.6475000000000001
0 0.9046875 0.4176559166666667 0.016874999999999973 0.029166999999999943
0 0.9504296875 0.4344270833333333 0.03749999999999998 0.03416699999999998
