0 0.078125 0.4362666863033874 0.15625 0.1376059999999999
0 0.087890625 0.5603220972017673 0.176875 0.07351600000000003
0 0.1298828125 0.7457044889543445 0.26125 0.1753070000000001
0 0.1376953125 0.6130443755522827 0.275625 0.09330799999999992
0 0.189453125 0.9142959808541973 0.379375 0.168708
0 0.2419140625 0.4415094403534609 0.17437499999999997 0.139491
0 0.4076171875 0.7969540132547865 0.3037500000000001 0.19321399999999997
0 0.3275 0.6638816539027982 0.125625 0.112158
0 0.4025 0.43078791605301914 0.15749999999999997 0.12158400000000007
0 0.5262890625000001 0.8866703078055964 0.299375 0.224316
0 0.5808984374999999 0.6197598836524301 0.34312500000000007 0.09896400000000007
0 0.5561328125 0.5906006053019146 0.229375 0.07728599999999991
0 0.6218359375 0.649038734904271 0.35875 0.17247900000000002
0 0.5746484375 0.4207755051546392 0.18562499999999998 0.18567399999999995
0 0.612421875 0.25984039175257734 0.24624999999999997 0.10461800000000003
0 0.72703125 0.6452089484536082 0.22812500000000002 0.147031
0 0.743125 0.4197747835051547 0.15625 0.20829399999999998
0 0.7577734375 0.9038702592047128 0.15499999999999992 0.189443
0 0.705234375 0.7106520648011783 0.013125000000000053 0.04900999999999997
0 0.715859375 0.7079425729013255 0.012500000000000067 0.05466500000000005
0 0.7248828125 0.7035243107511046 0.010000000000000009 0.04618200000000007
0 0.7378125 0.6997543107511045 0.015625 0.04618199999999999
0 0.7875390625 0.24258065390279823 0.11249999999999993 0.11215899999999998
0 0.7487109375 0.6949238026509572 0.01375000000000004 0.040526999999999994
0 0.75578125 0.6903293107511046 0.009375000000000022 0.04429699999999996
0 0.7648828125 0.68255329455081 0.010000000000000009 0.034872
0 0.77390625 0.6750122945508099 0.008750000000000036 0.03487300000000008
0 0.782109375 0.7266740648011782 0.011874999999999969 0.04995300000000002
0 0.78265625 0.6768972945508099 0.009374999999999911 0.03298800000000005
0 0.7930078125 0.6701817864506628 0.010000000000000009 0.02827599999999994
0 0.8035546875 0.6650575405007363 0.006249999999999978 0.031103000000000023
0 0.9005078125 0.8906165375552284 0.1975 0.21017899999999984
0 0.9052734375 0.43621109425625915 0.186875 0.25070699999999996
0 0.815703125 0.6598147864506628 0.0050000000000000044 0.029217999999999918
0 0.8211328125 0.7072943107511046 0.011249999999999982 0.044297000000000045
0 0.8266796875 0.6560447864506628 0.007500000000000062 0.029218000000000084
0 0.83515625 0.6525108026509573 0.008124999999999938 0.03864300000000012
0 0.846484375 0.64579529455081 0.012500000000000067 0.03298699999999998
0 0.8834375 0.23692565390279824 0.078125 0.11215899999999998
0 0.8517578125 0.6911538026509574 0.011249999999999982 0.04052699999999991
0 0.853984375 0.642673556701031 0.013124999999999942 0.042411999999999936
0 0.863984375 0.6353097864506628 0.013124999999999942 0.02827499999999987
0 0.8780859375 0.6281820324005891 0.014375000000000027 0.02639000000000001
0 0.883359375 0.6260022945508099 0.01187500000000008 0.03298800000000005
0 0.8905078125 0.6682967864506628 0.011249999999999982 0.02827599999999994
0 0.9092578125 0.6548080486008837 0.010624999999999996 0.03675799999999993
0 0.9575390625 0.7622561782032401 0.08187500000000003 0.131009
0 0.9587890625 0.22060891605301913 0.08062500000000006 0.12346899999999994
0 0.929609375 0.6430858026509574 0.013125000000000053 0.038641999999999885
