0 0.4990234375 0.42563500000000004 0.999375 0.302916
0 0.06875 0.6039728235294118 0.03187500000000001 0.09689599999999998
0 0.180234375 0.7173605294117648 0.136875 0.46848599999999996
0 0.2234375 0.6582229411764705 0.04874999999999999 0.26622799999999996
0 0.246875 0.672172294117647 0.033125000000000016 0.32925699999999997
0 0.285859375 0.652417294117647 0.07562500000000003 0.328316
0 0.28 0.5363485882352942 0.03187499999999999 0.053621999999999934
0 0.302734375 0.30451835294117646 0.07437500000000002 0.312324
0 0.3184375 0.5954633529411765 0.048750000000000016 0.16180699999999998
0 0.3684765625 0.735894705882353 0.128125 0.5249290000000001
0 0.3790234375 0.2294426470588235 0.06187500000000001 0.08842900000000001
0 0.4478125 0.22790676470588234 0.04749999999999999 0.059266000000000055
0 0.451015625 0.6683978823529413 0.05250000000000005 0.2803389999999999
0 0.4876953125 0.6845857647058824 0.08812500000000001 0.36030100000000004
0 0.495625 0.7200643529411764 0.09499999999999997 0.462841
0 0.5138671875 0.22326805882352943 0.05375000000000002 0.087488
0 0.535 0.6720106470588235 0.06312499999999999 0.38946400000000003
0 0.58140625 0.6447182352941176 0.07187500000000002 0.341486
0 0.5876171875 0.20785952941176472 0.05437499999999995 0.06773299999999999
0 0.594765625 0.24392158823529408 0.05125000000000002 0.15428
0 0.661015625 0.6474210588235294 0.05249999999999999 0.337724
0 0.7203125 0.7042776470588236 0.14187499999999997 0.5888990000000001
0 0.938515625 0.7179015294117648 0.11499999999999999 0.518344
