0 0.778671875 0.7585934166666667 0.059374999999999956 0.20166700000000004
0 0.4710546875 0.5153125 0.007500000000000007 0.01750000000000007
0 0.5216796875 0.52671875 0.007499999999999951 0.024166999999999977
0 0.672734375 0.5448961666666666 0.011874999999999969 0.03666599999999994
0 0.67328125 0.52557325 0.009374999999999911 0.009999999999999934
0 0.683359375 0.5458333333333334 0.012499999999999956 0.041666999999999975
0 0.6930859375 0.53338575 0.014375000000000027 0.025832999999999995
0 0.8555078125 0.49953125 0.010000000000000009 0.040000000000000036
0 0.867734375 0.5027600833333333 0.013125000000000053 0.035834
0 0.9731640625 0.7156249999999998 0.05062500000000003 0.15833300000000006
