0 0.06515625 0.458326258983891 0.03937500000000001 0.020635
0 0.113203125 0.4493033147459728 0.03624999999999999 0.007142999999999955
0 0.1478125 0.4584080916976456 0.016249999999999987 0.06507999999999994
0 0.167890625 0.4721516195786865 0.02125000000000002 0.05793599999999998
0 0.1814453125 0.46812672118959103 0.02562499999999998 0.07460400000000005
0 0.25093750000000004 0.45916067534076827 0.016250000000000014 0.042857
0 0.2821875 0.4435382032218092 0.017500000000000016 0.03571499999999999
0 0.35453125 0.44388704584882277 0.04062499999999997 0.034127000000000046
0 0.441015625 0.8223018029739778 0.176875 0.18730199999999994
0 0.40140625 0.45588936059479557 0.008124999999999993 0.03888799999999998
0 0.4198828125 0.4509327311028501 0.011250000000000038 0.02857099999999995
0 0.5279296875 0.46030251796778193 0.0068749999999999645 0.04127
0 0.5503515625 0.4512805737298637 0.003750000000000031 0.02698399999999995
0 0.5880078125 0.4510300458488228 0.010624999999999996 0.033333000000000036
0 0.606953125 0.4482028884758365 0.0050000000000000044 0.0309529999999999
0 0.60625 0.4369945737298637 0.0006250000000000977 0.026190999999999954
0 0.618125 0.4420071016109046 0.0012499999999999734 0.017460999999999924
0 0.699765625 0.46981203593556387 0.020625000000000004 0.08095199999999991
0 0.8135546875 0.44731257372986366 0.0068749999999999645 0.026190000000000012
0 0.8323046875 0.4507371016109046 0.0068750000000000755 0.017460999999999997
0 0.8778515625 0.45757367534076826 0.0025000000000000577 0.044444000000000004
0 0.886953125 0.4695345737298637 0.005624999999999991 0.025397000000000017
0 0.897578125 0.4557920458488228 0.005624999999999991 0.032538999999999964
0 0.907578125 0.45425994423791827 0.0050000000000000044 0.015079999999999988
0 0.921953125 0.456738258983891 0.005624999999999991 0.02063499999999993
0 0.9467578125 0.45296488847583644 0.010624999999999996 0.03095300000000004
