0 0.3805135891016201 0.8003515625 0.06698100000000004 0.06500000000000006
0 0.38394106480117823 0.891875 0.047169999999999934 0.09562500000000007
0 0.4356448350515464 0.9014453125 0.06415100000000003 0.11937500000000001
0 0.5461691104565538 0.5157421875 0.26320799999999994 0.24124999999999996
0 0.533988851251841 0.854296875 0.07547099999999989 0.12125000000000008
0 0.5931918350515464 0.8167578125 0.06415100000000011 0.10375000000000001
0 0.5994493107511046 0.739140625 0.04622699999999989 0.08374999999999999
0 0.6202043107511045 0.6848046875 0.04622700000000006 0.06999999999999995
0 0.7838164536082474 0.7499609375 0.332075 0.2643749999999999
0 0.7658128998527247 0.9371484375 0.1113199999999999 0.12312500000000004
0 0.7896488512518409 0.8738671875 0.074528 0.11624999999999996
0 0.8658338350515463 0.897734375 0.06226400000000012 0.10625000000000007
0 0.9267405891016199 0.88390625 0.066981 0.10250000000000004
0 0.9668445567010309 0.7263671875 0.04151000000000001 0.05437500000000006
0 0.977222556701031 0.833828125 0.042452999999999894 0.06687500000000002
0 0.9817085405007364 0.6781640625 0.032075999999999924 0.04937499999999995
0 0.9835955405007363 0.8858984375 0.03018900000000001 0.12312500000000004
