1 0.8847654375 0.6770834999999998 0.21679700000000002 0.26822900000000005
1 0.0732421875 0.6575521666666666 0.147461 0.16276000000000002
1 0.07910175 0.56119825 0.11816399999999999 0.10416599999999991
1 0.0927734375 0.4895834166666666 0.09179699999999999 0.0755210000000001
1 0.26074175 0.46614549999999993 0.21093800000000001 0.078125
1 0.2617186875 0.5078122500000001 0.10058600000000001 0.101563
1 0.3027345625 0.49088575000000007 0.06542999999999999 0.08854099999999991
1 0.56250025 0.020833333333333332 0.04101499999999991 0.041667
1 0.732422375 0.3567711666666667 0.293945 0.25651000000000007
1 0.6279298125 0.12239583333333333 0.07324200000000003 0.244792
1 0.71191425 0.078125 0.07226500000000002 0.15625
1 0.8623045 0.06380175 0.046875 0.05599000000000001
1 0.8886719375 0.02604158333333333 0.045897999999999994 0.050781
1 0.9355465 0.5039060833333333 0.110352 0.12890600000000005
1 0.9414065 0.35677125 0.08007799999999998 0.07291600000000005
1 0.936523625 0.15494775 0.05273400000000006 0.054688000000000014
1 0.958984625 0.1914060833333333 0.05273399999999995 0.06640599999999998
1 0.9687503125 0.23828091666666665 0.058593000000000006 0.09244800000000004
1 0.988281625 0.11588558333333333 0.020506999999999942 0.05208299999999999
