0 0.10101528571428571 0.761949 0.19747900000000002 0.188419
0 0.21034638095238095 0.748277125 0.20027999999999999 0.16084500000000002
0 0.19135200000000002 0.684627875 0.12605000000000002 0.12224299999999999
0 0.28991552380952385 0.6725071875 0.04902 0.17830899999999994
0 0.3553921904761905 0.6765275625 0.13165300000000002 0.19025800000000004
0 0.44345247619047623 0.66291325 0.07983200000000001 0.16544199999999998
0 0.49763652380952383 0.6736554375 0.11064399999999995 0.186581
0 0.5729171428571428 0.6903145625 0.09943900000000011 0.19025800000000004
0 0.5485820476190477 0.6021946875 0.03361300000000002 0.03860299999999994
0 0.689688761904762 0.769186875 0.212885 0.15349199999999996
0 0.6420691904761905 0.6628556875 0.06862800000000002 0.16268399999999994
0 0.903886619047619 0.58892475 0.11344500000000005 0.05514700000000006
