0 0.2061328125 0.2677409326500732 0.010624999999999996 0.045966
0 0.2673046875 0.43498389019033673 0.1 0.20262599999999997
0 0.25394531249999996 0.2668460922401171 0.02562499999999998 0.07317100000000001
0 0.299765625 0.24593641727672033 0.020625000000000004 0.034709000000000025
0 0.3320703125 0.24534019033674964 0.026874999999999982 0.052532999999999976
0 0.3575390625 0.24890883455344073 0.019374999999999976 0.06566599999999999
0 0.38390625 0.26185747877013177 0.04062500000000002 0.080676
0 0.4021484375 0.2603933499267936 0.029374999999999984 0.07880000000000001
0 0.44640625 0.25062741727672033 0.00874999999999998 0.03377100000000001
0 0.5162890625 0.24364854612005857 0.018125000000000058 0.03658500000000002
0 0.540390625 0.23971219033674965 0.020625000000000004 0.051594999999999995
0 0.5433203125 0.3130665461200586 0.026874999999999982 0.036585999999999994
0 0.576328125 0.23971219033674965 0.036250000000000004 0.051594999999999995
0 0.5825 0.31869554612005857 0.03187499999999999 0.03658499999999998
0 0.6810546875 0.24973257686676428 0.03875000000000006 0.060038
0 0.6909765625 0.23554731918008784 0.034375000000000044 0.05347100000000003
0 0.71515625 0.23591603074670572 0.008124999999999938 0.02345199999999997
0 0.7239453125 0.2593420922401171 0.025624999999999898 0.07317
0 0.8150390625 0.25389744802342606 0.01937500000000003 0.058161
0 0.8488671875 0.24559464421669105 0.02312499999999995 0.01688500000000004
0 0.9864453125 0.2669084729136164 0.02562500000000001 0.17260799999999998
