0 0.0458984375 0.49341094729136165 0.091797 0.8169839999999999
0 0.14550825 0.6573938418740849 0.29101499999999997 0.4524159999999999
0 0.10839818749999999 0.32503692093704245 0.146485 0.22693999999999998
0 0.26660174999999997 0.48462695168374814 0.05566400000000002 0.248902
0 0.3593751875 0.48609032796486085 0.21093699999999999 0.9165449999999999
0 0.447266 0.5080529765739384 0.06445299999999998 0.36603199999999997
0 0.5947268125 0.6281116456808199 0.291992 0.4948750000000001
0 0.52246125 0.49487565153733526 0.07128900000000005 0.4040990000000001
0 0.6005860625 0.3850657672035139 0.050780999999999965 0.10834599999999994
0 0.687499875 0.49048333967789165 0.12207000000000001 0.7364570000000001
0 0.848633 0.5212301127379209 0.22070299999999998 0.7540259999999999
0 0.9814455625 0.38506579941434843 0.03417899999999996 0.6090780000000001
