0 0.0990234375 0.7040410588235294 0.0925 0.48587499999999995
0 0.1607421875 0.717043 0.084375 0.5
0 0.21625 0.7033429999999999 0.06312500000000001 0.4519770000000001
0 0.24671875 0.40140141176470584 0.1175 0.34745800000000004
0 0.25472656250000003 0.7262266470588236 0.09624999999999997 0.48870100000000005
0 0.297890625 0.7056801176470588 0.05124999999999996 0.521657
0 0.3540234375 0.7160381176470588 0.09250000000000003 0.522599
0 0.3973046875 0.710928294117647 0.06937500000000002 0.47928399999999993
0 0.423203125 0.7420012941176471 0.06812499999999999 0.4783429999999999
0 0.5072265625 0.5851557647058824 0.06500000000000006 0.25988700000000003
0 0.524453125 0.7075214117647058 0.03687499999999999 0.4482110000000001
0 0.5965234375 0.5380747647058823 0.09312500000000001 0.2608289999999999
0 0.59609375 0.740066 0.08687500000000004 0.451977
0 0.6696875 0.7061041176470588 0.04749999999999999 0.47081
0 0.7022265625 0.7296441176470588 0.09749999999999992 0.47269300000000003
0 0.752734375 0.697269 0.07562500000000005 0.501884
0 0.8055859375 0.7275287647058823 0.10875000000000001 0.45951000000000003
0 0.8675390625 0.6069574117647059 0.14374999999999993 0.648775
0 0.845625 0.680267705882353 0.09375 0.4755179999999999
