0 0.315234375 0.74755175 0.07437499999999997 0.2741670000000001
0 0.02390625 0.76744825 0.039999999999999994 0.10166599999999996
0 0.198203125 0.7461455 0.06687499999999999 0.2674999999999999
0 0.2433203125 0.7155208333333333 0.05687499999999998 0.2775
0 0.26953125 0.7171875 0.07124999999999998 0.2358330000000001
0 0.3575 0.7263024166666666 0.06312500000000004 0.2950000000000001
0 0.3910546875 0.7071354166666667 0.03875000000000001 0.17166699999999993
0 0.4567578125 0.7383854166666667 0.04249999999999998 0.23416699999999993
0 0.493828125 0.7458329999999999 0.09937500000000005 0.250834
0 0.5203125 0.712917 0.04750000000000004 0.1875
0 0.558203125 0.73692675 0.0675 0.24250000000000002
0 0.6054296875 0.7132295000000001 0.03749999999999998 0.20333299999999999
0 0.6319140625 0.7119788333333332 0.05062499999999992 0.18250000000000002
0 0.6658203125 0.44208333333333333 0.05687500000000001 0.10499999999999998
0 0.6862890625 0.6941149166666666 0.04937500000000006 0.185833
0 0.7591796875 0.6731246666666667 0.03875000000000006 0.11666700000000008
0 0.8141015625 0.6885413333333332 0.03375000000000006 0.1375000000000001
0 0.9299609375 0.7221875 0.04625000000000001 0.11000000000000003
