0 0.029296875 0.7992095213549337 0.060284 0.197861
0 0.0308001875 0.9457956377025037 0.054078 0.10294099999999996
0 0.085674625 0.8380441428571428 0.052305 0.287433
0 0.1086340625 0.8528858969072164 0.05053200000000001 0.29010700000000006
0 0.11156375 0.6286079970544919 0.054964 0.18181800000000004
0 0.159422125 0.6449225051546392 0.03546099999999999 0.1858289999999999
0 0.1750335 0.8528858969072164 0.047872 0.29010700000000006
0 0.1816756875 0.6559816863033874 0.039007000000000014 0.13770100000000002
0 0.2269023125 0.8564896347569956 0.05850999999999998 0.282085
0 0.2180226875 0.6565472430044182 0.039006999999999986 0.17914400000000008
0 0.2589828125 0.6394602916053019 0.04255300000000001 0.21390400000000007
0 0.295974375 0.8415336671575848 0.075355 0.30614899999999995
0 0.2960366875 0.6414555213549337 0.03723399999999999 0.1991980000000001
0 0.3437431875 0.9225677025036818 0.054078000000000015 0.14973300000000006
0 0.3419565625 0.6334335213549337 0.033687999999999996 0.19919799999999993
0 0.3625403125 0.8440493726067746 0.05673699999999998 0.27139100000000005
0 0.3775976875 0.6335692754050074 0.03723399999999999 0.20320900000000006
0 0.4019835 0.8773140780559646 0.048759 0.24064200000000008
0 0.4148316875 0.6339775375552283 0.039007000000000014 0.21122999999999997
0 0.4431996875 0.8854502916053019 0.039007000000000014 0.21390399999999998
0 0.458555 0.7270876539027983 0.06383 0.11229899999999997
0 0.456574625 0.6132016863033873 0.02127599999999996 0.13769999999999996
0 0.4967791875 0.8542228969072164 0.08510699999999999 0.28877
0 0.478571125 0.6284507025036818 0.03546100000000002 0.14973199999999998
0 0.5105756875 0.6375371944035346 0.038121000000000016 0.14171099999999992
0 0.517744625 0.7338858674521356 0.02039000000000002 0.0882359999999999
0 0.5476295625 0.6263197187039765 0.03368800000000005 0.1617649999999999
0 0.595481125 0.8552883888070693 0.12943300000000002 0.284759
0 0.577168875 0.7784767511045656 0.05939799999999995 0.18449199999999988
0 0.5704858125 0.667677556701031 0.010638000000000036 0.044117
0 0.5864428125 0.66860629455081 0.011525000000000007 0.033422999999999974
0 0.622188125 0.6459449160530192 0.035460999999999965 0.12299399999999991
0 0.6298205 0.7301689160530191 0.047872000000000026 0.1229949999999999
0 0.670060125 0.6494549808541974 0.03634800000000005 0.169786
0 0.673772625 0.5800071134020618 0.02127699999999999 0.08422500000000004
0 0.7116365625 0.6515849646539027 0.03368800000000005 0.15641800000000003
0 0.7260153125 0.8457720942562593 0.05762400000000001 0.2513370000000001
0 0.756246875 0.7510589808541974 0.060284000000000004 0.1697859999999999
0 0.7365355 0.6310590810014728 0.015958000000000028 0.06016099999999997
0 0.757646 0.6776011134020619 0.032802 0.08422399999999997
0 0.787995375 0.576925851251841 0.07535499999999995 0.07486599999999995
0 0.7777799375 0.6689865051546392 0.04521300000000006 0.18850299999999992
0 0.7956005 0.8818465537555229 0.047871999999999915 0.2232619999999999
0 0.812956625 0.5773331134020618 0.02127699999999999 0.08422500000000004
0 0.853238125 0.8086321428571427 0.06737599999999999 0.2860970000000001
0 0.9144986875 0.848946029455081 0.06914900000000002 0.20454599999999998
0 0.942278625 0.91907917820324 0.11347599999999991 0.12967900000000004
0 0.9392175 0.593126145802651 0.047871999999999915 0.10828899999999993
