1 0.05078125 0.5413997613469985 0.103125 0.19981200000000005
1 0.5344921874999999 0.773317841874085 0.92875 0.45121999999999984
1 0.5223828125000001 0.47864379795021966 0.13625000000000004 0.1332079999999999
1 0.8047265625 0.4538237057101025 0.06500000000000006 0.06379000000000003
1 0.84765625 0.46338806149341144 0.03937500000000005 0.04784299999999997
1 0.8743359375 0.47377715959004396 0.014374999999999916 0.02720499999999997
1 0.9463671875 0.44837906149341145 0.021874999999999978 0.047841999999999996
1 0.9719921875 0.45982041727672035 0.02312499999999995 0.032832999999999994
1 0.9833984375 0.5284588345534407 0.030625000000000013 0.06566599999999999
1 0.9896875 0.45190354612005856 0.01749999999999996 0.03658499999999998
