1 0.0259375 0.809428803806735 0.0475 0.04221299999999992
1 0.070390625 0.8140045461200586 0.051250000000000004 0.036586000000000035
1 0.27132812500000003 0.826129448023426 0.06812500000000002 0.05816200000000018
1 0.3041796875 0.811304803806735 0.03749999999999998 0.04221400000000006
1 0.388359375 0.8381410922401171 0.10625000000000001 0.07223299999999987
1 0.3826171875 0.7912630307467057 0.053749999999999964 0.023452000000000094
1 0.4030859375 0.7933233865300147 0.015000000000000013 0.011257000000000017
1 0.53234375 0.8220097364568082 0.21125000000000005 0.08630400000000006
1 0.8003125 0.8471102210834554 0.109375 0.07504600000000008
1 0.88875 0.8590066076134699 0.125625 0.08442799999999995
1 0.945859375 0.8624609941434846 0.10625000000000007 0.09099499999999984
