0 0.0894140625 0.5629077224669603 0.05 0.1156020000000001
0 0.14652343750000002 0.6369175888399413 0.09249999999999999 0.24624000000000007
0 0.163671875 0.5589128678414097 0.06 0.15037600000000007
0 0.2384765625 0.6561196020558003 0.09625 0.42951199999999995
0 0.4934375 0.5792940146842878 0.078125 0.20770700000000009
0 0.5662109375 0.5502191527165932 0.04625000000000001 0.1381580000000001
0 0.62125 0.6746228883994126 0.09375 0.4398499999999999
0 0.687890625 0.5519222966226138 0.05125000000000002 0.154135
0 0.6725390625 0.537414864904552 0.01937500000000003 0.10996200000000007
0 0.7316796875 0.6841998839941262 0.06999999999999995 0.37687900000000013
0 0.7774609375 0.63174587958884 0.04625000000000001 0.31578999999999996
0 0.7858203125 0.4941830044052863 0.026875000000000093 0.062030000000000016
0 0.8119921875 0.6456658839941263 0.053749999999999964 0.377819
0 0.926640625 0.7288378957415566 0.14500000000000002 0.5404129999999998
0 0.9109765625 0.7041671806167401 0.09624999999999995 0.5310149999999999
