0 0.0146484375 0.2431636875 0.029297 0.10026099999999999
0 0.0192061875 0.210937375 0.022786 0.04296899999999998
0 0.1640625 0.216145625 0.048177 0.11458400000000002
0 0.2119141875 0.2190750625 0.05468700000000001 0.143881
0 0.295572875 0.1956380625 0.05924499999999999 0.11263000000000001
0 0.344400875 0.204426625 0.059896000000000005 0.08333399999999999
0 0.3863935625 0.1816405 0.03450500000000001 0.047525999999999985
0 0.4169924375 0.216146 0.06119800000000003 0.06445299999999998
0 0.42578125 0.175130375 0.07031300000000001 0.10546900000000001
0 0.521484375 0.17578125 0.16796900000000003 0.133464
0 0.6663410625 0.19335975 0.14388 0.08723900000000001
