0 0.12503906250000002 0.8018753333333333 0.08187499999999999 0.13750000000000004
0 0.1639453125 0.5853649166666667 0.08937500000000001 0.124166
0 0.196171875 0.8209895833333333 0.06 0.11416700000000013
0 0.2219140625 0.5981770833333334 0.08187499999999998 0.098333
0 0.289921875 0.7959371666666666 0.06 0.13083400000000012
0 0.3603125 0.6630729166666667 0.046875 0.09249999999999996
0 0.747578125 0.7416663333333333 0.06687500000000002 0.16916699999999998
0 0.7619140625 0.4333333333333333 0.01937499999999992 0.04250000000000006
0 0.8 0.7413024166666666 0.06312499999999999 0.170833
0 0.791875 0.4596871666666667 0.03125 0.06916699999999991
0 0.8377734375 0.2980725833333333 0.09312500000000001 0.17583399999999996
0 0.8269921875 0.43010449999999995 0.02312499999999995 0.048333000000000036
0 0.8532421875 0.75119825 0.053749999999999964 0.16666600000000006
0 0.8916796875 0.7828645833333333 0.03749999999999998 0.08333299999999995
0 0.8895703125 0.2857295 0.026249999999999996 0.07916599999999996
0 0.913671875 0.28703158333333334 0.028749999999999942 0.080833
0 0.93640625 0.7667708333333333 0.040000000000000036 0.09083299999999994
0 0.9492578125 0.7299475833333333 0.04249999999999998 0.14500000000000002
0 0.981875 0.7651038333333333 0.03312499999999996 0.08916700000000007
