0 0.3415625 0.4150445395894428 0.048750000000000016 0.17763099999999998
0 0.1473046875 0.5140373870967743 0.06875 0.3872179999999999
0 0.2066796875 0.5811464134897361 0.16312500000000002 0.5047
0 0.22640625 0.31004323167155423 0.07062500000000002 0.14285699999999998
0 0.4576171875 0.4481261612903225 0.08437499999999998 0.16353400000000007
0 0.638515625 0.5054600527859238 0.11375000000000002 0.23684200000000002
0 0.62078125 0.2633504046920821 0.07187500000000002 0.133459
0 0.69265625 0.245380853372434 0.07062500000000005 0.12875899999999998
0 0.783515625 0.5467062844574779 0.14625 0.37781900000000007
0 0.9590625 0.5467081759530791 0.078125 0.44924900000000006
0 0.97921875 0.3027474428152493 0.024374999999999925 0.08082699999999998
