0 0.0771484375 0.8671875 0.154687 0.203125
0 0.12421825 0.9767578125 0.040625999999999995 0.042188
0 0.1593745 0.8873046875 0.07968800000000001 0.07031199999999993
0 0.16171925 0.7193354375 0.009373999999999993 0.029688000000000048
0 0.1853520625 0.715625 0.018749000000000016 0.03125
0 0.2966796875 0.912890625 0.039061999999999986 0.051562
0 0.3537109375 0.954687 0.04531299999999999 0.06406300000000009
0 0.4556645625 0.9365234375 0.06562400000000002 0.09218800000000005
0 0.5373051875 0.9107421875 0.05468700000000004 0.11718699999999993
0 0.5904296875 0.926171875 0.03749999999999998 0.05937500000000007
0 0.6267573125 0.96171825 0.057813 0.07187600000000005
0 0.7462895625 0.9638676875 0.06562500000000004 0.06875000000000009
