1 0.48714843750000003 0.59244825 0.7487499999999999 0.35250000000000004
1 0.1818359375 0.4325524166666666 0.2025 0.1091660000000001
1 0.227265625 0.41083333333333333 0.14562499999999998 0.04249999999999998
1 0.32234375000000004 0.4511461666666667 0.30625 0.10000000000000002
1 0.4505078125 0.4626565833333333 0.41624999999999995 0.11250000000000011
1 0.4938671875 0.3553125 0.02312499999999995 0.01583300000000006
1 0.70234375 0.271458 0.024374999999999925 0.03250000000000005
1 0.7358203125 0.297292 0.02562500000000001 0.03249999999999997
1 0.75875 0.3711455000000001 0.03312499999999996 0.015833999999999904
1 0.7745703125 0.316458 0.026874999999999982 0.03249999999999997
1 0.7840625 0.3628125 0.015625 0.01666700000000006
1 0.7998046875 0.36937533333333333 0.006249999999999978 0.01250000000000003
1 0.8115234375 0.345625 0.02937500000000004 0.03249999999999997
1 0.8513671875 0.37442708333333335 0.023125000000000062 0.03416699999999998
1 0.9652734375 0.39328158333333335 0.02937499999999993 0.018333000000000006
1 0.9814453125 0.39364550000000004 0.02562500000000001 0.016666999999999987
1 0.9903125 0.39328158333333335 0.016874999999999973 0.018333000000000006
