0 0.03125 0.38684104692082116 0.0625 0.321764
0 0.0390625 0.2104810469208211 0.07875 0.32082499999999997
0 0.05125 0.13973675073313785 0.03312500000000001 0.11538400000000001
0 0.11984375 0.38952908504398825 0.1175 0.26923
0 0.3905859375 0.19648093841642228 0.6393749999999999 0.394934
0 0.16453125000000002 0.40476677712609965 0.133125 0.23264500000000002
0 0.184140625 0.3721698797653959 0.083125 0.24577900000000003
0 0.2921484375 0.35767233431085044 0.060624999999999984 0.15384599999999998
0 0.398125 0.38007619354838706 0.06312499999999999 0.19606000000000004
0 0.41375 0.3787919501466276 0.06437500000000002 0.22514
0 0.47640625 0.380731431085044 0.07187500000000008 0.24953099999999998
0 0.56015625 0.37333657184750735 0.10249999999999992 0.20825500000000005
0 0.7516015625 0.47734041348973605 0.22187500000000004 0.505628
0 0.732265625 0.2822538592375367 0.05125000000000002 0.042213999999999974
0 0.8653125 0.19501466275659823 0.266875 0.39211999999999997
0 0.800234375 0.36654929032258066 0.07562499999999994 0.29268299999999997
