0 0.1355859375 0.4980812352941177 0.013749999999999984 0.09219199999999993
0 0.1490625 0.5079639411764706 0.015625 0.11571099999999997
0 0.1608984375 0.5153168823529412 0.029375000000000012 0.130762
0 0.1993359375 0.5167335882352941 0.014374999999999999 0.15428099999999995
0 0.2198046875 0.5122254705882353 0.03874999999999998 0.2351830000000001
0 0.245703125 0.4848459411764706 0.03625000000000003 0.06679199999999993
0 0.284765625 0.5428590588235294 0.05124999999999996 0.23706500000000003
0 0.326796875 0.5655013529411764 0.058750000000000024 0.2624650000000001
0 0.3420703125 0.5235030588235294 0.026875000000000038 0.18720599999999998
0 0.37390625 0.552234 0.07187500000000002 0.35089400000000004
0 0.4069140625 0.5083753529411765 0.01874999999999999 0.11382899999999994
0 0.4188671875 0.5098998235294118 0.023125000000000007 0.09595499999999997
0 0.4839453125 0.5731030588235294 0.08937500000000004 0.33772399999999997
0 0.5893359375 0.5704759411764706 0.10812500000000003 0.4167450000000001
0 0.5490625 0.5090127058823529 0.016874999999999973 0.07525899999999995
0 0.5624609375 0.5209504705882353 0.013749999999999929 0.08278500000000005
0 0.7924609375 0.5785956470588235 0.265 0.19096900000000003
0 0.7556640625 0.6222594117647059 0.11250000000000004 0.3471309999999999
0 0.8101953125 0.5820559999999999 0.026874999999999982 0.150517
0 0.8842578125 0.6453451764705882 0.04125000000000001 0.25870099999999996
0 0.9094921875 0.6532058823529412 0.02312499999999995 0.17967999999999995
