0 0.13619825000000002 0.3291303125 0.040739999999999985 0.088889
0 0.19337425 0.5428458125 0.101851 0.2611109999999999
0 0.2591945625 0.347178375 0.033333 0.107408
0 0.31333875 0.5778285624999999 0.08703699999999998 0.253704
0 0.4453055625 0.359100375 0.28333300000000006 0.13703699999999996
0 0.324985125 0.37034125 0.035185999999999995 0.07037100000000002
0 0.3834420625 0.59493675 0.11296299999999998 0.305555
0 0.410344625 0.352328875 0.114815 0.09074100000000002
0 0.49458875 0.5914349999999999 0.15000000000000002 0.31296300000000005
0 0.5168761875 0.35714725 0.11666700000000008 0.13333299999999998
0 0.6122610625 0.5883030625 0.08148199999999994 0.30000000000000004
0 0.71085025 0.5573276875 0.13333399999999995 0.31851900000000005
0 0.7444519375 0.602778 0.109259 0.25000000000000006
0 0.7508466875 0.3498046875 0.06851799999999997 0.10000000000000003
0 0.8552585625 0.5876953125 0.09629699999999997 0.27592599999999995
0 0.918866 0.347989375 0.15740700000000007 0.13703700000000002
0 0.902126625 0.4937143125 0.08333299999999999 0.15185100000000007
0 0.9065028125 0.5659799375 0.07407399999999997 0.296296
0 0.966435 0.610489375 0.06296299999999999 0.26296299999999995
