0 0.0400390625 0.8043753333333333 0.081875 0.3858330000000001
0 0.0460546875 0.7549475833333332 0.07 0.2683340000000001
0 0.1199609375 0.66286425 0.07749999999999999 0.16416699999999995
0 0.172265625 0.7197395833333333 0.11374999999999999 0.1758329999999999
0 0.250234375 0.8504684166666667 0.263125 0.295834
0 0.3140234375 0.63557325 0.12374999999999997 0.1341660000000001
0 0.4001953125 0.8276038333333333 0.181875 0.3408340000000001
0 0.4900390625 0.7629163333333334 0.11249999999999999 0.356667
0 0.605 0.8889059166666667 0.250625 0.21833400000000003
0 0.5704687500000001 0.6807288333333332 0.14999999999999997 0.24500000000000002
0 0.7153515625 0.7896350833333333 0.19000000000000006 0.2533340000000001
0 0.826953125 0.6746354166666667 0.12937500000000002 0.29666699999999996
0 0.9731640625 0.7470836666666667 0.05062500000000003 0.2725
