1 0.0238063125 0.59011483625731 0.026389 0.041579999999999916
1 0.09991275 0.6017438596491228 0.086112 0.037422000000000025
1 0.0899954375 0.5952788947368421 0.061111 0.029105999999999906
1 0.22734375 0.6387494970760234 0.180556 0.126819
1 0.428428375 0.6302055321637426 0.16805599999999998 0.11850300000000004
1 0.524262375 0.6092817660818713 0.04444400000000004 0.06029100000000005
1 0.816362625 0.6757551345029239 0.363889 0.2182950000000001
1 0.8399518125 0.5934278596491228 0.04166700000000001 0.03534299999999995
1 0.889800125 0.5955068596491228 0.03611099999999989 0.037422000000000025
1 0.9655595625 0.6399166374269005 0.06527800000000006 0.0935550000000001
1 0.94782975 0.5919658713450292 0.025000000000000022 0.03326400000000005
1 0.9735455625 0.5840389181286549 0.03472299999999995 0.022869000000000028
