0 0.16915934911242603 0.369453125 0.14545399999999997 0.13
0 0.16950009467455623 0.48609375 0.06666599999999998 0.11750000000000005
0 0.21201386982248518 0.694375 0.109091 0.22000000000000008
0 0.22352479881656806 0.491953125 0.060606000000000014 0.13
0 0.28857784615384613 0.4645703125 0.09394 0.12
0 0.29449500591715977 0.6796875 0.10606100000000003 0.235
0 0.39790246153846154 0.09671874999999999 0.12424200000000006 0.15
0 0.4946204911242603 0.44453125 0.24545500000000006 0.415
0 0.4731401656804734 0.09085937499999999 0.1181809999999999 0.1375
0 0.5888114615384615 0.090546875 0.12424199999999999 0.1225
0 0.7330820295857987 0.690546875 0.12121199999999996 0.24749999999999994
0 0.792970828402367 0.32527343750000004 0.18181799999999987 0.18749999999999997
0 0.7947816863905326 0.454375 0.0818189999999999 0.09499999999999997
