0 0.478248 0.3255144375 0.09477099999999994 0.15522899999999998
0 0.2933454375 0.4188625 0.562091 0.547385
0 0.3779165625 0.8504203125 0.09640599999999999 0.120915
0 0.3916268125 0.046875 0.10457500000000003 0.094771
0 0.3962480625 0.327206 0.0817 0.125817
0 0.658585875 0.837329125 0.12254900000000002 0.129085
0 0.71943975 0.0888671875 0.08660099999999993 0.178105
0 0.80803225 0.0791015625 0.07189500000000004 0.160131
0 0.85832775 0.964576125 0.08660200000000007 0.06699299999999997
0 0.9154218125 0.80496825 0.135621 0.13398699999999997
0 0.925283375 0.0791015625 0.106209 0.160131
