0 0.054921875 0.2436909708029197 0.028125000000000004 0.162465
0 0.0823828125 0.17159491240875913 0.042499999999999996 0.082166
0 0.1290234375 0.21841428467153284 0.030624999999999986 0.136321
0 0.1503125 0.266899598540146 0.047500000000000014 0.10924400000000001
0 0.189453125 0.2745393284671533 0.036250000000000004 0.09430500000000001
0 0.217890625 0.2887827445255475 0.02124999999999999 0.10644199999999995
0 0.249921875 0.2789188905109489 0.02812500000000004 0.10364199999999998
0 0.2855078125 0.7446621313868612 0.073125 0.27917800000000015
0 0.2662109375 0.24961876642335767 0.014999999999999958 0.085901
0 0.2875 0.25966701459854014 0.033125000000000016 0.12044800000000004
0 0.32265625 0.737532591240876 0.07062500000000005 0.2502339999999999
0 0.3066015625 0.22279384671532848 0.034375000000000044 0.14565799999999998
0 0.3504296875 0.9061628029197081 0.10125 0.18487399999999998
0 0.33234375 0.2583778905109489 0.02437499999999998 0.10364099999999998
0 0.3571875 0.5821521386861314 0.048750000000000016 0.13818799999999998
0 0.3582421875 0.26314993430656936 0.023125000000000007 0.06255799999999999
0 0.3630859375 0.2291808102189781 0.014374999999999971 0.043883999999999965
0 0.388125 0.6670671167883211 0.06312499999999999 0.15873
0 0.393828125 0.7644615547445255 0.06687500000000002 0.151261
0 0.3880859375 0.9111202408759124 0.04500000000000004 0.17553700000000014
0 0.383046875 0.31280666423357667 0.02812500000000001 0.047618999999999946
0 0.3833203125 0.2529456204379562 0.026875000000000038 0.08776899999999997
0 0.4058984375 0.2519752627737226 0.030625000000000013 0.15686299999999995
0 0.418671875 0.17198739416058395 0.028124999999999956 0.03361299999999996
0 0.4401953125 0.6281405547445256 0.057499999999999996 0.149393
0 0.4358203125 0.2465439927007299 0.02562500000000001 0.14192300000000002
0 0.4569140625 0.6582413065693431 0.04999999999999999 0.114846
0 0.4458203125 0.1440430802919708 0.02562500000000001 0.05975700000000001
0 0.4440625 0.19032093430656935 0.01749999999999996 0.062558
0 0.4624609375 0.7640690729927007 0.04625000000000001 0.19887999999999992
0 0.5020703125 0.82740600729927 0.08812500000000001 0.26237200000000005
0 0.473046875 0.6980351824817518 0.02812500000000001 0.09897300000000003
0 0.5364453125 0.911528386861314 0.057499999999999996 0.17366899999999996
0 0.541171875 0.7879752846715328 0.05875000000000008 0.135387
0 0.552578125 0.6123862627737225 0.06812499999999999 0.15499500000000002
0 0.556953125 0.6971678686131387 0.0675 0.12511699999999995
0 0.574609375 0.870238299270073 0.07437499999999997 0.2558350000000001
0 0.5953515625 0.6405462992700729 0.06562500000000004 0.256769
0 0.58875 0.26421730656934306 0.03312499999999996 0.114846
0 0.60625 0.5728818248175183 0.06375000000000008 0.16433199999999995
0 0.6303125 0.8792191751824817 0.07937499999999997 0.23809500000000008
0 0.619765625 0.25975539416058396 0.020625000000000004 0.03267999999999999
0 0.630078125 0.3074567445255475 0.036250000000000004 0.10550899999999995
0 0.6792578125 0.26730774452554745 0.04125000000000001 0.10550800000000003
0 0.6707421875 0.3657538905109489 0.02312499999999995 0.10457499999999999
0 0.6826171875 0.3328521386861314 0.02312499999999995 0.138189
0 0.6998828125 0.3270647445255474 0.011250000000000093 0.10644200000000008
0 0.7218359375 0.1674674306569343 0.014375000000000027 0.132586
0 0.7513671875 0.25253847445255473 0.021874999999999978 0.09337099999999997
0 0.7575 0.1784193503649635 0.03125 0.07469700000000003
0 0.7584765625 0.3426639708029197 0.03500000000000003 0.16153100000000004
0 0.7721484375 0.2510786204379562 0.02937500000000004 0.08963599999999998
0 0.796953125 0.1815921386861314 0.03687499999999999 0.140056
0 0.93453125 0.24158655474452553 0.039999999999999925 0.14939300000000003
0 0.967109375 0.3385061605839416 0.043749999999999956 0.11858100000000002
0 0.980703125 0.8347936569343066 0.03562500000000002 0.18767499999999998
0 0.9896875 0.23812532846715329 0.01749999999999996 0.09430400000000004
