1 0.12109375 0.39022094018205467 0.242667 0.22735299999999994
1 0.254745125 0.32516928608582574 0.16133300000000003 0.136767
1 0.3324716875 0.27759260468140445 0.101333 0.10479600000000003
1 0.389296875 0.2700441430429129 0.06 0.06927199999999997
1 0.4167890625 0.26769824187256175 0.018667000000000045 0.042628000000000006
1 0.45801075 0.25006268140442134 0.055999999999999994 0.03374800000000001
1 0.5671748125 0.24473468140442134 0.04266599999999998 0.03374700000000001
1 0.6025546875 0.25539168140442137 0.03733300000000006 0.033747999999999966
1 0.6340283125 0.2737235825747724 0.026666999999999996 0.05861499999999998
1 0.6670625 0.2776247529258778 0.07999999999999996 0.06571999999999996
1 0.7829140625 0.3034739674902471 0.17466700000000002 0.16873900000000003
1 0.9741045 0.40719030819245783 0.04799999999999993 0.182949
1 0.9778408125 0.28593585175552666 0.04133399999999998 0.03907599999999999
