0 0.5730859375 0.5852612459736457 0.04499999999999993 0.188556
0 0.0205078125 0.5901797613469986 0.0425 0.19981300000000002
0 0.063671875 0.5420219267935578 0.028749999999999998 0.13508400000000004
0 0.108828125 0.5556810556368961 0.03562499999999999 0.13789799999999997
0 0.278203125 0.5563204421669107 0.03562500000000002 0.14915600000000004
0 0.3888671875 0.5555927364568082 0.023125000000000007 0.08536600000000001
0 0.448046875 0.5489124787701317 0.028749999999999998 0.08067500000000007
0 0.5114453125 0.5859717306002928 0.02562500000000001 0.17729799999999993
0 0.618828125 0.5516563806734992 0.03562500000000002 0.100375
0 0.6601953125 0.5462558960468521 0.02562500000000001 0.11163199999999995
0 0.6859375 0.5581532825768668 0.015625 0.12288899999999997
0 0.7223046875 0.5705056998535871 0.038124999999999964 0.15384699999999998
