0 0.015625 0.33956423529411767 0.033 0.19277099999999997
0 0.0185546875 0.18095317647058823 0.038 0.10843399999999999
0 0.0244140625 0.5636779411764705 0.049 0.21536200000000003
0 0.041015625 0.5158577647058823 0.083 0.31024100000000004
0 0.04134375 0.15380976470588234 0.05500000000000001 0.10993899999999998
0 0.0530859375 0.3622958823529412 0.077 0.18222899999999995
0 0.0551328125 0.2404859411764706 0.073 0.16716799999999998
0 0.06815625 0.337952 0.071 0.201807
0 0.09594531249999999 0.6607013529411764 0.08800000000000002 0.41265100000000005
0 0.1349921875 0.48212276470588233 0.08499999999999999 0.35994000000000004
0 0.131109375 0.2563781176470588 0.07500000000000001 0.22138600000000003
0 0.1360859375 0.15628958823529412 0.07799999999999999 0.15361499999999997
0 0.13429687499999998 0.5832392352941177 0.06000000000000001 0.3418669999999999
0 0.1505546875 0.3162118823529412 0.03900000000000001 0.13102399999999995
0 0.2022265625 0.40520952941176475 0.06499999999999997 0.36897500000000005
0 0.2092734375 0.5331861176470588 0.062 0.371988
0 0.2180625 0.20290576470588237 0.07900000000000001 0.16114499999999998
0 0.232828125 0.6568394705882353 0.09799999999999998 0.23343299999999992
0 0.2398515625 0.7333985882352941 0.09599999999999997 0.5030120000000001
0 0.240921875 0.5113574705882353 0.08999999999999997 0.18373499999999998
0 0.240390625 0.14851170588235293 0.05200000000000002 0.174699
0 0.2562734375 0.3630936470588235 0.06199999999999997 0.24096399999999993
0 0.29815625 0.19236376470588237 0.07200000000000001 0.159638
0 0.2934140625 0.28892582352941176 0.04999999999999999 0.14457899999999999
0 0.3100625 0.4330434705882353 0.07999999999999996 0.18524100000000007
0 0.3208984375 0.33357564705882353 0.09199999999999997 0.18825299999999998
0 0.3199453125 0.6188874705882353 0.08899999999999997 0.38403600000000004
0 0.3341796875 0.42772870588235296 0.07 0.3749999999999999
0 0.3334375 0.14721817647058824 0.046999999999999986 0.158133
0 0.370296875 0.21968423529411768 0.059 0.141567
0 0.377390625 0.3157515294117647 0.052000000000000046 0.168674
0 0.406109375 0.6158046470588235 0.07500000000000001 0.3900600000000001
0 0.4129453125 0.42264311764705886 0.08800000000000002 0.173193
0 0.3984140625 0.17110170588235293 0.04899999999999999 0.174699
0 0.41015625 0.32654141176470586 0.07200000000000001 0.14759
0 0.460265625 0.7577778823529412 0.14600000000000002 0.480422
0 0.435296875 0.2106482352941176 0.059 0.14307300000000006
0 0.446578125 0.2650068823529412 0.03600000000000003 0.13102399999999997
0 0.4770859375 0.39475505882352946 0.07700000000000001 0.2364459999999999
0 0.5060859375 0.601824705882353 0.07800000000000001 0.42469899999999994
0 0.4964375 0.24052135294117646 0.04800000000000004 0.16265000000000002
0 0.5181328125 0.15729982352941177 0.07300000000000006 0.19578299999999996
0 0.5214140625 0.2725014705882353 0.050000000000000044 0.13252999999999998
0 0.5500859375 0.34009541176470587 0.07799999999999996 0.14759099999999997
0 0.554296875 0.4756905294117647 0.05999999999999994 0.2695790000000001
0 0.5960390625 0.5142986470588236 0.08099999999999996 0.18975899999999998
0 0.5961328125 0.2365699411764706 0.07299999999999995 0.11596400000000003
0 0.6109921875 0.15884123529411764 0.08400000000000007 0.19277099999999997
0 0.6003203125 0.32149223529411763 0.05800000000000005 0.19126499999999996
0 0.6341328125 0.32625811764705887 0.07400000000000007 0.17319299999999996
0 0.6421796875 0.47443341176470594 0.06900000000000006 0.248494
0 0.673296875 0.2679834705882353 0.05899999999999994 0.13403600000000002
0 0.6724140625 0.3223598235294118 0.04999999999999993 0.246988
0 0.6974375 0.344578 0.04799999999999993 0.15060300000000004
0 0.7218984375 0.5060417058823529 0.09299999999999997 0.37500000000000006
0 0.7131328125 0.13664076470588235 0.07399999999999995 0.159638
0 0.7112265625 0.203012 0.06499999999999995 0.15060199999999999
0 0.7308046875 0.6142986470588235 0.09999999999999998 0.38855399999999995
0 0.73634375 0.31091382352941177 0.05500000000000005 0.19578399999999996
0 0.7912265625 0.3033484117647059 0.06499999999999995 0.198795
0 0.8050390625 0.20139976470588236 0.08099999999999996 0.16114500000000004
0 0.7933671875 0.3989720588235295 0.05399999999999994 0.38554199999999994
0 0.8080859375 0.4011341764705882 0.07699999999999996 0.20783100000000002
0 0.811203125 0.5829903529411765 0.06799999999999995 0.36295199999999983
0 0.8240625 0.12595711764705883 0.07999999999999996 0.173192
0 0.839875 0.6546773529411765 0.09399999999999997 0.414157
0 0.8552734375 0.29613711764705886 0.062000000000000055 0.17319299999999996
0 0.8792265625 0.5086818823529412 0.06600000000000006 0.281626
0 0.88715625 0.3656984117647059 0.07100000000000006 0.14909599999999998
0 0.887203125 0.21187094117647057 0.06700000000000006 0.16716899999999998
0 0.92225 0.2936927058823529 0.06299999999999994 0.12500000000000006
0 0.9422265625 0.17648829411764705 0.06499999999999995 0.22891600000000004
0 0.9500859375 0.5073529411764706 0.07799999999999996 0.266566
0 0.957015625 0.6532067647058823 0.08299999999999996 0.40963900000000003
0 0.9581796875 0.35333070588235294 0.06999999999999995 0.174699
0 0.9734140625 0.19254082352941176 0.050000000000000044 0.144578
0 0.977484375 0.30248082352941175 0.04300000000000004 0.144578
0 0.9897890625 0.46348317647058823 0.018000000000000016 0.158133
