0 0.7894921875 0.6489369882869693 0.05312499999999998 0.18292699999999992
0 0.26265625000000004 0.4854383133235725 0.04000000000000001 0.14634099999999997
0 0.41234375 0.493626859443631 0.21187500000000004 0.180113
0 0.552890625 0.48685828257686675 0.020000000000000018 0.12288999999999993
0 0.565546875 0.4910673133235725 0.028124999999999956 0.14634099999999997
0 0.7933203125 0.5684116881405564 0.400625 0.334897
0 0.8631640625 0.8021436017569545 0.050000000000000044 0.17448400000000008
0 0.891015625 0.95656760761347 0.020625000000000004 0.08348999999999988
0 0.9184375 0.8786365095168375 0.04874999999999996 0.10506600000000003
0 0.934765625 0.9299770556368961 0.05124999999999991 0.13789899999999986
