0 0.0254560625 0.3335940833333333 0.018749999999999996 0.036111000000000004
0 0.0936845625 0.33064225 0.096875 0.040278
0 0.16940137500000002 0.5944446666666666 0.19999999999999996 0.4597219999999999
0 0.1961591875 0.3344615833333333 0.022915999999999992 0.04999999999999997
0 0.42421875 0.32925325 0.025000000000000022 0.04027799999999996
0 0.4952470625 0.3276914166666667 0.01874999999999999 0.04583300000000001
0 0.560807625 0.5967015 0.14583300000000005 0.3930550000000001
0 0.5151045 0.3332464166666667 0.015625 0.04444499999999996
0 0.539713875 0.3528645833333333 0.029166000000000025 0.08333299999999995
0 0.5504560625 0.3327259166666667 0.018750000000000044 0.06111100000000006
0 0.6852216875 0.34939225 0.13124999999999998 0.10277799999999997
0 0.751171875 0.6414928333333333 0.15312499999999996 0.713889
0 0.8311845625 0.35477475 0.033334000000000086 0.14861099999999997
0 0.870442375 0.3050348333333333 0.012499999999999956 0.059721999999999976
