1 0.110427125 0.14949542253521128 0.19141100000000003 0.092035
1 0.19045675 0.8475257746478873 0.18159599999999998 0.0991149999999999
1 0.498828125 0.5165646901408452 0.598773 0.361062
1 0.31939249999999997 0.14335008450704226 0.142331 0.138053
1 0.39291075 0.8615357887323942 0.18159600000000004 0.15752200000000008
1 0.49062025 0.1678797746478873 0.165644 0.10088500000000002
1 0.585048875 0.8722302816901408 0.185276 0.12920300000000007
1 0.5412285 0.10221895774647886 0.047853000000000034 0.033628000000000005
1 0.6692618125 0.12450485915492958 0.07361899999999999 0.037168
1 0.690771375 0.153147661971831 0.10552100000000009 0.04955699999999999
1 0.7936620625 0.8903275774647886 0.17546099999999998 0.11150500000000013
1 0.8703376875 0.18001946478873238 0.13251500000000005 0.061947
