0 0.01903367496339678 0.2689453125 0.038462 0.05749999999999997
0 0.06346544802342606 0.265 0.056285 0.09562499999999996
0 0.14529924597364569 0.6925 0.189493 0.15749999999999997
0 0.11206209224011714 0.395625 0.07223300000000002 0.18937500000000002
0 0.13446183455344068 0.275859375 0.06660500000000001 0.07499999999999998
0 0.2154095095168375 0.381875 0.10506599999999999 0.18937499999999996
0 0.21717225183016103 0.6837890625 0.09756100000000002 0.08187499999999992
0 0.20815896339677892 0.281796875 0.06941800000000001 0.05937500000000001
0 0.209990803806735 0.19234375 0.041276 0.05499999999999999
0 0.2781300307467057 0.1912890625 0.026266000000000022 0.049375
0 0.3017394480234261 0.30046875 0.05722299999999994 0.08687499999999998
0 0.29993354612005857 0.229609375 0.035647000000000005 0.044375
0 0.341323803806735 0.2334765625 0.04315100000000002 0.06499999999999997
0 0.35896244802342603 0.295625 0.05628600000000002 0.09562499999999999
0 0.38143328843338214 0.2180078125 0.03095700000000004 0.04124999999999998
0 0.4125035461200585 0.2258203125 0.03564800000000006 0.05812499999999998
0 0.4331415461200585 0.2344921875 0.035647000000000005 0.05437500000000001
0 0.4776434172767204 0.217109375 0.03377199999999994 0.043125
0 0.5233819019033674 0.21390625 0.022514000000000034 0.040624999999999994
0 0.5559172884333822 0.2219140625 0.030956999999999957 0.049375
0 0.5857077730600293 0.21296875 0.01782399999999999 0.023749999999999993
0 0.6078099019033675 0.21125 0.022514000000000034 0.03125
0 0.6091597730600293 0.2266796875 0.019700000000000023 0.037500000000000006
0 0.689309644216691 0.19921875 0.015009000000000088 0.056249999999999994
0 0.7779898345534406 0.198359375 0.06472800000000001 0.044375
0 0.7928404172767203 0.154765625 0.033772000000000024 0.05125000000000002
