1 0.0755078125 0.8261455 0.010000000000000009 0.015834000000000053
1 0.0916796875 0.8252083333333333 0.0062500000000000056 0.010833000000000018
1 0.1004296875 0.8285413333333334 0.006249999999999992 0.01250000000000003
1 0.185 0.84421875 0.03125 0.025832999999999995
1 0.2234375 0.8427600833333333 0.015625 0.03583400000000007
1 0.383125 0.86317675 0.09500000000000003 0.05666699999999988
1 0.3404296875 0.8503124999999999 0.007499999999999951 0.01583300000000006
1 0.3482421875 0.8436455 0.02312499999999995 0.015833999999999904
1 0.427421875 0.8596354166666668 0.02812500000000001 0.04499999999999993
1 0.614609375 0.86484375 0.07499999999999996 0.05499999999999986
1 0.7596875 0.8957815833333332 0.2981250000000001 0.1458330000000001
1 0.8848828125 0.8864583333333332 0.10375000000000001 0.07500000000000018
1 0.9138671875 0.85255175 0.05312500000000009 0.02583399999999984
1 0.9864453125 0.8856770833333334 0.02562500000000001 0.0966669999999999
