0 0.076171875 0.7275002222222222 0.1525 0.32111100000000015
0 0.2190625 0.5099996666666667 0.4225 0.334445
0 0.064140625 0.4422917777777778 0.05125 0.088889
0 0.09296875 0.4120143333333333 0.05499999999999999 0.07333300000000002
0 0.158125 0.4177777777777778 0.033125000000000016 0.058889
0 0.2646484375 0.5320836666666666 0.15500000000000003 0.27333300000000005
0 0.3182421875 0.5028472222222222 0.11625000000000002 0.22777800000000006
0 0.37359375 0.43270844444444445 0.05625000000000002 0.11111100000000003
0 0.40203125 0.4400695555555556 0.07187499999999997 0.14333299999999985
0 0.422421875 0.2704856666666667 0.028749999999999998 0.05222300000000003
0 0.524453125 0.6199998888888889 0.12999999999999995 0.277778
0 0.7309765625 0.5744442222222221 0.535 0.4444450000000001
0 0.4783203125 0.26972233333333334 0.02562500000000001 0.04333299999999997
0 0.5171484375 0.26444477777777775 0.030625000000000013 0.057776999999999995
0 0.5591015625 0.26097255555555554 0.034375000000000044 0.05111099999999998
0 0.572890625 0.46111155555555555 0.05125000000000002 0.11222199999999995
0 0.6026953125 0.27145844444444445 0.02562500000000001 0.04777800000000005
0 0.72890625 0.39104155555555553 0.25875000000000004 0.08000000000000002
0 0.683046875 0.5069447777777777 0.08999999999999997 0.182222
0 0.750703125 0.6378468888888889 0.16125 0.3099999999999999
0 0.7266015625 0.41826366666666664 0.03375000000000006 0.05222199999999999
0 0.8040234375 0.4177777777777778 0.02937499999999993 0.056666999999999974
0 0.874375 0.4085421111111111 0.03187499999999999 0.06888799999999999
0 0.9443359375 0.5706944444444444 0.10875000000000001 0.20444400000000013
0 0.9575390625 0.5035417777777779 0.08062500000000006 0.15222200000000002
0 0.9417578125 0.4122917777777778 0.04249999999999998 0.088889
0 0.971015625 0.4125694444444445 0.05249999999999999 0.04777799999999995
