0 0.0126953125 0.7780204999999999 0.026875 0.36166699999999996
0 0.068984375 0.7904163333333334 0.075 0.355
0 0.152734375 0.7694791666666667 0.07499999999999998 0.3508330000000001
0 0.2454296875 0.7368229166666667 0.03875000000000001 0.279167
0 0.26859374999999996 0.7562496666666666 0.05562500000000001 0.27333400000000013
0 0.3330078125 0.7454170000000001 0.07250000000000001 0.31250000000000006
0 0.378203125 0.7221350833333333 0.036250000000000004 0.25500000000000006
0 0.4364453125 0.7352604166666667 0.08875 0.326667
0 0.5088671874999999 0.7363024166666667 0.05437500000000001 0.295
0 0.607578125 0.798958 0.09937499999999999 0.28250000000000003
0 0.644765625 0.6482295 0.051875000000000004 0.205
0 0.7148046875 0.82125 0.10062499999999996 0.31416700000000003
0 0.7721875 0.69171875 0.07999999999999996 0.275833
0 0.8165625 0.6874996666666666 0.07874999999999999 0.33416700000000005
0 0.9345703125 0.6688538333333334 0.08812500000000001 0.27749999999999986
0 0.9584375 0.62911425 0.07999999999999996 0.22666700000000004
