1 0.4648441875 0.5156245 0.773437 0.3906259999999999
1 0.205077875 0.2890625 0.08984400000000001 0.046875
1 0.2880863125 0.2825516666666667 0.08886700000000003 0.05208399999999994
1 0.3554683125 0.2747395 0.057618 0.046875
1 0.40820275 0.27213550000000003 0.054688000000000014 0.049479000000000016
1 0.4541015625 0.26692716666666666 0.03515600000000002 0.03775999999999998
1 0.658203125 0.27473966666666666 0.09960899999999995 0.05338499999999998
1 0.7871096875 0.25650999999999996 0.03906200000000004 0.031250000000000035
1 0.8798825625 0.2903645833333333 0.06542999999999999 0.05208299999999999
1 0.9716791875 0.27604158333333334 0.05371099999999995 0.05208299999999999
