0 0.00390625 0.5722399166666666 0.009375 0.09333299999999996
0 0.0048828125 0.461875 0.010625 0.09500000000000004
0 0.0087890625 0.26411491666666664 0.019375 0.06166600000000003
0 0.0087890625 0.3261979166666667 0.019375 0.12416699999999996
0 0.0107421875 0.40166666666666667 0.021875 0.08583299999999998
0 0.015625 0.17567674999999996 0.0325 0.05500000000000003
0 0.0208203125 0.14296841666666668 0.026875000000000003 0.04583400000000001
0 0.0370703125 0.6481253333333333 0.026250000000000002 0.1983330000000001
0 0.0828515625 0.7219270833333332 0.034375 0.16
0 0.095625 0.7519791666666666 0.0325 0.09999999999999994
0 0.1107421875 0.8052086666666667 0.05374999999999999 0.17916599999999994
0 0.1119921875 0.23307291666666666 0.05374999999999999 0.093333
0 0.1486328125 0.20546841666666668 0.04250000000000001 0.17
0 0.1944921875 0.527292 0.053125000000000006 0.15833300000000014
0 0.2190234375 0.8804684166666666 0.029375000000000012 0.17166699999999993
0 0.27015625 0.9129684166666667 0.040000000000000036 0.170834
0 0.2962109375 0.9558336666666666 0.04562500000000003 0.08500000000000012
0 0.309296875 0.74786425 0.02749999999999997 0.040000000000000036
0 0.3715234375 0.45338575 0.030625000000000013 0.14916600000000013
0 0.4371484375 0.7552086666666668 0.06062500000000004 0.17916599999999994
0 0.4276953125 0.9807291666666668 0.02562500000000001 0.036667000000000005
0 0.504609375 0.8642705 0.07499999999999996 0.17249999999999988
0 0.6302734375 0.07291666666666667 0.24812500000000004 0.148333
0 0.632421875 0.2880729166666667 0.028749999999999942 0.09166700000000001
0 0.65671875 0.8821354166666667 0.055625000000000036 0.17166699999999993
0 0.7000390625 0.3446354166666667 0.04937499999999995 0.170833
0 0.7224609375 0.5226559166666667 0.04562500000000003 0.15499999999999994
0 0.7373828125 0.25817708333333333 0.04125000000000001 0.09666700000000002
0 0.7926171875 0.6360416666666667 0.05437500000000006 0.17916699999999994
0 0.8608984375 0.3691663333333333 0.06187500000000001 0.16833399999999998
0 0.970703125 0.29125 0.036250000000000004 0.06333299999999997
0 0.9816015625 0.7652604166666667 0.034375000000000044 0.20249999999999999
