0 0.1282421875 0.4059999051094891 0.085625 0.222223
0 0.2138671875 0.45586472262773725 0.08500000000000002 0.12605
0 0.266484375 0.3067081386861314 0.07437500000000002 0.13912300000000002
0 0.2795703125 0.4236585547445256 0.05687500000000001 0.15126099999999992
0 0.346875 0.3471102189781022 0.0625 0.19701200000000002
0 0.3616015625 0.404762802919708 0.06562500000000004 0.18487399999999996
0 0.4053125 0.48036247445255476 0.04749999999999999 0.09150400000000004
0 0.422890625 0.41654467883211677 0.05124999999999996 0.16900099999999996
0 0.43515625 0.33023653284671534 0.07187499999999997 0.17180199999999995
0 0.453828125 0.47289347445255475 0.03562499999999996 0.09337000000000004
0 0.5197265625 0.4349302408759125 0.065 0.17553699999999994
0 0.5493359375 0.3867697226277373 0.04625000000000001 0.12791799999999995
0 0.5735546875 0.47370876642335763 0.03874999999999995 0.08590100000000005
0 0.5950390625 0.31460094890510953 0.04999999999999993 0.18393999999999994
0 0.662265625 0.3309851386861314 0.05125000000000002 0.138188
0 0.6671484375 0.43358909489051095 0.06062500000000004 0.17833799999999997
0 0.7132421875 0.43131394890510955 0.053749999999999964 0.1839399999999999
0 0.8202734375 0.47015916058394164 0.09312500000000001 0.11857999999999994
0 0.90125 0.42618578102189786 0.06437499999999996 0.20634899999999995
