0 0.0244140625 0.7507815833333332 0.049375 0.27083299999999993
0 0.021484375 0.51671875 0.0125 0.025832999999999995
0 0.038593749999999996 0.5148961666666667 0.024999999999999998 0.03666599999999994
0 0.0614453125 0.7145833333333332 0.026249999999999996 0.10499999999999998
0 0.0903125 0.7241666666666666 0.016875 0.08499999999999996
0 0.111640625 0.7281253333333334 0.020625000000000004 0.07416599999999995
0 0.1280859375 0.7345830000000001 0.014374999999999999 0.06416699999999986
0 0.149140625 0.7548955 0.051875000000000004 0.07916699999999999
0 0.247421875 0.7911979166666666 0.05937500000000001 0.24916700000000006
0 0.496484375 0.7316145833333333 0.04312499999999997 0.14500000000000002
0 0.5277734375 0.7282815833333333 0.02937499999999993 0.14500000000000002
0 0.6140234375 0.6767705 0.030625000000000013 0.04833399999999995
0 0.6406640625 0.7781246666666667 0.08125000000000004 0.24000000000000007
0 0.8458203125 0.8164586666666667 0.306875 0.36500000000000005
