0 0.15174679487179488 0.41591958333333334 0.09187500000000001 0.17512699999999995
0 0.09876602564102563 0.43940399999999996 0.052499999999999984 0.125
0 0.22814102564102567 0.40857666666666664 0.052499999999999984 0.147208
0 0.2762019230769231 0.4417435 0.04749999999999998 0.109771
0 0.3329807692307692 0.435834 0.03875000000000003 0.09390900000000002
0 0.40889423076923076 0.41264833333333334 0.061874999999999986 0.16751199999999997
0 0.46705128205128205 0.4073674166666667 0.06437499999999997 0.20177599999999996
0 0.5956410256410256 0.44438074999999994 0.05375000000000009 0.11928900000000005
0 0.7500160256410257 0.45861083333333336 0.052499999999999915 0.090736
0 0.818701923076923 0.4574741666666666 0.046875 0.09898500000000003
0 0.9731089743589744 0.4569448333333333 0.05062500000000009 0.059645000000000024
