0 0.6396484375 0.48564822222222226 0.186458 0.8203699999999999
0 0.0126953125 0.17858755555555555 0.026042 0.142593
0 0.0361328125 0.2175928888888889 0.010417000000000003 0.029629000000000003
0 0.1547529375 0.1644671111111111 0.014583000000000013 0.066667
0 0.2067705 0.20034677777777776 0.047917000000000015 0.214815
0 0.279167 0.3287032222222222 0.125 0.196297
0 0.2809248125 0.1946758888888889 0.04270799999999997 0.21851900000000002
0 0.3067705 0.147917 0.015625 0.064814
0 0.3432295 0.23391222222222222 0.015625 0.03888899999999998
0 0.374870125 0.17013855555555557 0.035416 0.17592600000000003
0 0.4262373125 0.24305522222222223 0.05729099999999998 0.32037099999999996
0 0.8030595625 0.20972222222222223 0.06458399999999997 0.32036999999999993
0 0.872526375 0.14189844444444447 0.044791000000000025 0.077777
0 0.9180341875 0.15682833333333335 0.022916000000000047 0.075926
