0 0.17925921088435373 0.3279845 0.13631399999999996 0.10963200000000001
0 0.19504565306122448 0.50181975 0.16466800000000004 0.11902899999999994
0 0.1863422993197279 0.849888125 0.141767 0.13077499999999997
0 0.20300131292517007 0.6782073125 0.11232300000000002 0.12059600000000004
0 0.4128987551020408 0.8485244375 0.14067699999999997 0.12372700000000003
0 0.4922470340136054 0.328361875 0.12649900000000008 0.12216199999999999
0 0.5047831224489796 0.502594 0.133042 0.12529400000000002
0 0.5192394897959184 0.680750875 0.12431899999999999 0.12216100000000008
0 0.6623670340136055 0.8536193125 0.12649899999999983 0.11981200000000003
0 0.8003219455782313 0.500632125 0.12213700000000006 0.12920900000000002
0 0.8133981224489796 0.327597375 0.13086099999999995 0.10649999999999998
0 0.8139588571428572 0.6813403125 0.115594 0.12059500000000001
