0 0.3202734375 0.6102215344070278 0.06187500000000001 0.2176360000000001
0 0.0234375 0.5685865402635432 0.0475 0.12664100000000003
0 0.046875 0.7024703689604685 0.095 0.28236400000000006
0 0.0830078125 0.8978717613469985 0.166875 0.20075099999999999
0 0.1041796875 0.7649890995607612 0.131875 0.457786
0 0.24484375 0.4923825285505124 0.30625 0.3076920000000001
0 0.189140625 0.751189774524158 0.14625 0.49531
0 0.52296875 0.4028431537335285 0.15000000000000002 0.11913700000000006
0 0.5486328125 0.7011636573938507 0.16624999999999995 0.311445
0 0.6559765625 0.381660803806735 0.03499999999999992 0.04315199999999995
0 0.7073046875 0.5997882767203514 0.10125000000000006 0.21106999999999995
0 0.6923828125 0.396346251830161 0.041874999999999996 0.09849900000000002
0 0.723671875 0.3677040614934114 0.028125000000000067 0.04784200000000008
0 0.77703125 0.5779847613469986 0.07187500000000002 0.20075
0 0.773828125 0.3585505768667643 0.03562500000000002 0.06097599999999998
0 0.8598828125 0.42274473060029283 0.04249999999999998 0.1763599999999999
0 0.9119921875 0.3848617364568081 0.02312499999999995 0.08630300000000006
0 0.950703125 0.3850450922401171 0.03687499999999999 0.07317100000000001
