0 0.0880859375 0.8283957008797654 0.170625 0.33928600000000003
0 0.132109375 0.5324918416422287 0.136875 0.29699299999999995
0 0.2013671875 0.9456429237536658 0.08500000000000002 0.10620299999999994
0 0.333203125 0.8356885982404691 0.1925 0.32612800000000003
0 0.307265625 0.5605752903225806 0.11499999999999999 0.290413
0 0.4741796875 0.8818127771260996 0.22562500000000002 0.23308300000000007
0 0.4422265625 0.5498254574780058 0.128125 0.368421
0 0.5533984375000001 0.5699761818181818 0.15499999999999997 0.363722
0 0.6396875 0.7364783225806453 0.26625 0.32330799999999993
0 0.6453515625 0.8361023225806451 0.25249999999999995 0.3242480000000001
0 0.7372265625 0.5209877390029326 0.16000000000000003 0.2847749999999999
0 0.8687109375 0.5769323167155426 0.2025 0.407895
0 0.891171875 0.8261029765395895 0.21562500000000007 0.343045
