1 0.0693359375 0.2831770833333333 0.14 0.098333
1 0.209296875 0.30864549999999996 0.31 0.140834
1 0.3239453125 0.26218749999999996 0.15062499999999998 0.11000000000000003
1 0.42546875 0.2517190833333333 0.05562499999999998 0.06583299999999999
1 0.4534765625 0.243958 0.034999999999999976 0.03249999999999997
1 0.5893359375 0.3155211666666667 0.26374999999999993 0.19500000000000003
1 0.4788671875 0.22588575 0.023125000000000007 0.024165999999999983
1 0.5499609375 0.2361458333333333 0.07625000000000004 0.058333
1 0.72359375 0.23869825 0.023749999999999938 0.04166599999999998
1 0.7612890625 0.23588575 0.01937500000000003 0.025832999999999995
1 0.8117578125 0.24630241666666666 0.04249999999999998 0.045000000000000005
1 0.890234375 0.29359375 0.13812499999999994 0.11833299999999998
1 0.98734375 0.24630241666666666 0.02375000000000005 0.045000000000000005
