1 0.041015625 0.7128649166666667 0.0825 0.12249999999999998
1 0.0791796875 0.7384892500000001 0.03875000000000001 0.07249999999999994
1 0.0990625 0.7248955 0.046875 0.07916699999999999
1 0.1877734375 0.7106253333333333 0.12499999999999997 0.07416599999999995
1 0.2208203125 0.7092705 0.08937499999999998 0.04833399999999995
1 0.2504296875 0.6959375 0.03875000000000001 0.04833299999999996
1 0.2580078125 0.7091149166666666 0.041874999999999996 0.06000000000000005
1 0.2698046875 0.6985416666666667 0.03750000000000003 0.053333
1 0.2782421875 0.7055725833333334 0.021874999999999978 0.051666999999999984
1 0.3228125 0.6823434166666668 0.016874999999999973 0.014999999999999977
1 0.3369140625 0.6847392500000001 0.019374999999999976 0.009999999999999934
1 0.3985546875 0.70463575 0.1325 0.08666599999999998
1 0.4476171875 0.6936982500000001 0.05312499999999998 0.03916599999999996
1 0.484375 0.7001559166666667 0.03187499999999999 0.029167000000000016
1 0.49859375 0.6951559166666668 0.024999999999999967 0.02916699999999987
1 0.5028125 0.6731774166666668 0.015625 0.014166000000000048
1 0.5338671875 0.700417 0.053750000000000075 0.06333300000000008
1 0.5734375 0.6901559166666668 0.016874999999999973 0.030834000000000028
1 0.58546875 0.6927600833333334 0.024375000000000036 0.03416699999999991
1 0.7976953125 0.74369825 0.400625 0.16583299999999998
