0 0.9462890625 0.7903959150805271 0.08062499999999995 0.318011
0 0.205078125 0.6531373016105417 0.411875 0.3264540000000001
0 0.2850390625 0.4433203499267936 0.01937500000000003 0.07880000000000001
0 0.4634765625 0.8118740922401171 0.22187499999999993 0.07129499999999998
0 0.3728125 0.48976931918008787 0.017500000000000016 0.055346999999999945
0 0.417890625 0.51754360761347 0.020625000000000004 0.08255100000000003
0 0.5145703125000001 0.7870645036603221 0.18187499999999995 0.19418299999999997
0 0.4382421875 0.5290281229868229 0.023125000000000007 0.09662299999999995
0 0.4501953125 0.5860937057101026 0.02562500000000001 0.06379000000000003
0 0.4740625 0.58011521522694 0.048750000000000016 0.16510299999999994
0 0.4706640625 0.49855409224011715 0.018125000000000002 0.07129400000000001
0 0.5194531250000001 0.640476767203514 0.06687499999999996 0.10975599999999991
0 0.5319921875 0.5578816076134699 0.021874999999999978 0.08255100000000011
0 0.5286328125 0.5010694787701317 0.011249999999999982 0.08067599999999996
0 0.5489453125 0.4841403191800879 0.026874999999999982 0.055346999999999945
0 0.5533984375 0.572566055636896 0.030000000000000027 0.138837
0 0.64390625 0.7088866691068814 0.13312499999999994 0.13039400000000007
0 0.594375 0.5731622825768667 0.03312499999999996 0.12101300000000001
0 0.76421875 0.5412595651537335 0.30500000000000005 0.24202600000000002
0 0.69984375 0.6647630131771595 0.05500000000000005 0.29831100000000005
0 0.7897265625 0.8119546939970718 0.16000000000000003 0.24390199999999998
0 0.9478125 0.5946941229868229 0.04875000000000007 0.09662299999999986
