0 0.7441015625 0.6194714160583942 0.06499999999999995 0.41456599999999993
0 0.0537109375 0.5910966569343066 0.1075 0.18954200000000002
0 0.13773437500000002 0.5909855839416058 0.07562499999999998 0.38842199999999993
0 0.1851953125 0.5941714306569343 0.02562500000000001 0.132586
0 0.2203125 0.6006640437956204 0.07999999999999999 0.36041100000000004
0 0.3279296875 0.6461342408759124 0.195 0.5760980000000001
0 0.2908203125 0.47032889051094895 0.057499999999999996 0.10364199999999994
0 0.404140625 0.5952317737226277 0.05125000000000002 0.3464050000000001
0 0.4753515625 0.6338931970802919 0.12812500000000004 0.6162460000000001
0 0.5702734375 0.6347362116788321 0.06187500000000001 0.3370690000000001
0 0.66390625 0.6131581678832116 0.07187500000000002 0.37908500000000006
0 0.918828125 0.6570118394160585 0.16062500000000002 0.28478100000000006
