0 0.0419921875 0.37477975549048315 0.085 0.292683
0 0.1071875 0.3248419575402635 0.04875 0.15947400000000003
0 0.3855859375 0.5848165051244509 0.26437499999999997 0.6726080000000001
0 0.455390625 0.49212035724743775 0.11437500000000006 0.4634149999999999
0 0.6835546875 0.3472157613469985 0.03749999999999998 0.19981200000000002
0 0.70671875 0.3613750805270864 0.05500000000000005 0.25234500000000004
0 0.8487890625 0.34339266325036605 0.050000000000000044 0.221389
0 0.9440625 0.4267088111273792 0.10999999999999999 0.428705
0 0.936875 0.27359744802342606 0.03125 0.057223000000000024
0 0.9859375 0.25700906149341146 0.01749999999999996 0.046904999999999995
