0 0.0947265625 0.5985831179941004 0.190625 0.396227
0 0.1490625 0.44331860766961656 0.048125 0.137736
0 0.1741015625 0.47674868141592924 0.06562499999999999 0.13490599999999994
0 0.2403515625 0.5569791415929203 0.15875 0.274529
0 0.2120703125 0.43316649262536877 0.02562500000000001 0.10094299999999998
0 0.266015625 0.4230807138643068 0.05124999999999999 0.09433999999999998
0 0.270859375 0.4053152625368732 0.013124999999999998 0.031131999999999955
0 0.3334765625 0.47150075516224194 0.09625 0.13113199999999997
0 0.3208984375 0.4003060412979352 0.030624999999999958 0.04056599999999996
0 0.4026171875 0.5759669941002951 0.148125 0.282076
0 0.3944140625 0.385292197640118 0.04999999999999999 0.11226399999999996
0 0.4676953125 0.4605918289085546 0.08874999999999994 0.12924499999999992
0 0.5524218750000001 0.5868759203539823 0.15250000000000002 0.28396200000000005
0 0.56953125 0.4697861238938053 0.07124999999999992 0.116038
0 0.6383203125 0.4598875339233039 0.08812500000000001 0.13962299999999994
0 0.6960546875 0.6267127492625368 0.16249999999999998 0.41037699999999994
0 0.659140625 0.41134864011799405 0.05125000000000002 0.096226
0 0.7083203125 0.4003060412979352 0.026874999999999982 0.038678999999999894
0 0.7403515625 0.4358766401179941 0.034375000000000044 0.09528300000000002
0 0.7606640625 0.4525129026548673 0.050000000000000044 0.12452799999999999
0 0.81828125 0.6062361504424778 0.13437500000000002 0.356604
0 0.7996875 0.4598875339233039 0.078125 0.14150899999999994
0 0.884921875 0.49674687020648967 0.05875000000000008 0.16603799999999996
0 0.93 0.6186873392330383 0.12624999999999997 0.388679
0 0.9603125 0.44854165781710914 0.078125 0.256604
