0 0.10416683333333333 0.594726375 0.15104199999999998 0.137695
0 0.4218750833333333 0.5781248125 0.06640600000000003 0.13476599999999994
0 0.5950525833333332 0.553711125 0.02083300000000003 0.03613300000000008
0 0.6380204166666666 0.5624998125 0.04557299999999994 0.04101599999999994
0 0.6783849166666668 0.5576173125 0.029947999999999936 0.05761700000000003
0 0.7070311666666668 0.5576174375 0.037760000000000016 0.06054700000000002
0 0.8059893333333333 0.7109376875 0.2291669999999999 0.28808600000000006
0 0.7500000833333332 0.5634766875 0.03515600000000019 0.06933599999999995
0 0.802083 0.558593875 0.03255200000000006 0.058594000000000035
0 0.8463536666666668 0.5458985 0.0520839999999998 0.048828000000000094
0 0.8880209166666666 0.5556641875 0.028646000000000022 0.05371099999999995
0 0.9479170833333334 0.732421875 0.09895799999999995 0.21582
0 0.9335939999999999 0.56933625 0.032551999999999914 0.07128900000000005
